3808821328356828146175380352155225741679675547, 679626036840861466159908947063760019057618720277
574629949839826668451039715221732572449338760444, 114465457488037462788934561280848308784951848815
146608503778986261386909439987100837395671461389, 249694348389002151768995833646080287273190859782
150441865552299729299504043171671770074382122133, 211580560909010647432173527999759492516612871245
154967738000670235119449214586064569594847237309, 44681112786904721958266890722983004841901288371
563561523834411973047158508729975644870450712592, 417889924302260577429183577793875929491538937494
142371512568225552079126776856059798680267631525, 493533597889919371713062941290303200154870340772
354679419996614077610647587004488194870701500127, 625855011887559768321690854746332840024951772079
679814380151485876482117965337007848902899191661, 434225435086295878940539124781235195786920033214
40802095436678030097903450926761037782317764281, 309268647974969708544692469190227634282481318120
288875080943283074580658093374405714421958563322, 211186914238313021199377290832194413763103741648
246553870623729943503347495068991047174503907645, 67052308805137592222071328865970262245297458478
263119609456396221816603281020539533303431244606, 697997562404669955472371011074950174314703359644
280961326375154245607936364554559923196544664610, 440733962454718462135944506272737665235148933285
95025863366993956193247463613012756729791913498, 136118659974945429888108642715286295233459935273
555776271476550489424104415825649482680600602016, 502503002257308501659604095515610393091116183268
83331354452813141719906659438837435410766763778, 417005863111757655573433202081306839344873434831
577147929059000937518784248662345716229348813247, 152813778803556170382842119948439331258612033089
575613244987788560812580395467475430215948663863, 695047261791188413480254797911076218422295429437
575990879168988781059476621849850290298413791391, 297899735027860250000352334014963736132530159071
29069014904461568253268978139150031130217900324, 223938979519184463333840906572430805302503205072
606933072386806754869666596800027807235879197242, 502768604428768297970418498895059331534985308621
61985550270727982223058885575448873057627789631, 616785017005850492081275908469958664972164310441
50363989742132883322633130385750185998688267899, 611749351212075435858661305669598766827209477900
272165737462421095281897473859690892316370605046, 40194569263325727293330477552312615059428554115
629236441901624218736344903144300839526160716472, 156771952542224648580439075736945158210920736918
202417844379421990379384230396124557610246231208, 715347772952558666626575078105145368030674313191
528684389507751078941724656459012997162017791120, 44109083493772672472063264110559681091831565068
302197818986568452004528760498231528913054921904, 248157832738424366592074825846417691376009295446
618665930343584449043694680656265008378555383807, 52296077462671590331633433917830122224092355351
452113410327795932798295579715963731211533200640, 392487346588745203406102791629216816786661246017
177312010425890190901826280214113571514864155170, 422926947370283121963062123515029128574306349329
317812749379963253947469734551823767396567099111, 397329104709284466492334398250085349898364935390
214402609429200307056442938790664085699107521061, 532350024453617656149694847028338456766951378556
12121498458450747015230065634305335743790325459, 133253065318909226440016113173644667886805093961
522086255213313936303516598341480900625212276533, 24670170373837407129162927445633094360477947887
158107567446419958786505242677386586759698465607, 162885992631746251595956856917137490869870731854
680235362386858643088408950848554304499499159051, 3831676357459039311351631646047384137843581416
479538577775129586823747424477998888249957850338, 195267079695134142997098344524217205077721792229
137700295285828031414353660347928388763495781881, 656530883976654294247592032130158452681952673264
308593648638448094541415673077879785407790714199, 659925702598521543627271072212381003593198688319
336127164926638803726750061581442036429235707020, 426738211712267395244241746431961293692580106313
553117732301119905358231949171617110997338711957, 463934619579699262972338381107528154774539033859
727235324980096140201155800713809392368234938935, 18087792437169316171926947057894195011057365747
149383673124691869985273691349962058823699625157, 344508752195711476010579987147145884550046878486
655342522376448842134908115007120634074921924094, 513245821689598546203888947102075523096108588826
339351498529130837241978595650458413295176829125, 685887115249836469092843066504831808326404853384
225851266082707216197216541562525972656440714044, 353441011361155650250711318251609746494324167573
54302793472976587191557434259775573548587039797, 651128915637871144654647812337135593792567014457
598590127883345801736307660625886191329752568230, 377150396347784081063137235445691163401390137673
495993677044330257006744696590014672900564515451, 189894706439936180085533332783590727907699307171
372854524268055585743810261744725921384994232115, 232808638690812098310357558483187307599045212754
543817530518320554620424939826772067879208053877, 293738238265575497103188660513280715493936143379
341022406227605852232748175474717837015274765533, 177081102991768431618538638164046784170428842988
500176731030718582201768113513416680328178627351, 632059296430484639457456320244499640283723090087
478253866913031975788144835440021639598320766061, 723327243789803484429930915246549513160946125205
616118399493210156193164568120882983520020073469, 6364166946932689579787830967496876643715575757
496869687261113352631258166701212020162592721455, 177896247027639597348781940078690874938994182157
714583175139195913538942112115381531668258645934, 261535044497445062297170313132156070163867684936
86083259434243590972115593732583157668840648248, 30549035326014419942510655854457301951485650741
546385373208864783088832946157244629922083335370, 470040267574698756111437962435484539262539130622
238389892264357756079471057650895332258550696612, 633252496572704979197904285160943101197589600625
110497098175917411635213783657940207902162300220, 130856768898772782980765937637280855191166683327
389149724657854143979427986991565088951073722647, 483175945745857298925420531815323489696217029740
285085761918559345267896372562429596257645255575, 344095463630194921033187651375727358788684048083
508967481211517348707856425672684993346643530551, 359085915849591508857857879866639508937360580898
739263258218754534967576726649549605441538704891, 297737972364515563152560254264664300273647962918
512494266545589509003394949724060768556882260364, 317158545375149569498225341613526243158221462417
99566379997503448783407116414546198052244226733, 241215232863763103679409798775018990122947258777
24801905474085152927589643222443021131104452689, 464028058799631701432832869364490622964225634307
165460380906434852286962860560920941189512800053, 619516953351255775297420896007982757526519114824
143989499717779705034235089762795405584113350034, 459079995462860880004939150324185140843420498448
283123539277815717730574541091623800987611372712, 711062420014127636769117807420495241766697681112
322568602141278622560710892154699474763178342641, 242105068250460313955541054681451505785054434649
524036707382548538189929063381077671656139763955, 718604577403022839573735941085493555149903432365
53162515272815800570443618561888482013456282146, 289212397976110890166133464028743360448980038662
106942513535189125648045736596497104156209771545, 192128706576298852655875634124149574479654883932
389224522743199540402108358420780294582433047075, 384076298135081269229531864010718775545671586887
182295074263880880002844091802321417756045690329, 430475595028973295967309802837500842380945751335
345894508203786605498929929995655596387833072186, 118666977513909679760739290327737968849201101862
257451330203833466563993897823362592311259010187, 249427125505640857824267998632673144213122125795
660096034229093347072744776734863768619280236149, 423035184659201587491480775478461164178762864713
365127240209176135070776484176071148676028563772, 733380934517370309426866879966840902207523136783
94545355276151684753396810499010109742424007862, 559011295723950345398567639667273114622038035802
99787741937052206753104706065244914517234401737, 379106266600566527835146385647756486256048485798
419843378923997099761194054553201856229601360709, 563158654622836006777274560642347299966985772987
163918650143915743942725001376688041289334413791, 163849220489870449026461124844082623382754512530
140912280326266759388316078102480252802429936561, 643788482994955217001486210744200464584189318322
346490146369623139488800541059965946500971693643, 315155070302742169302888629464984807473390178096
623902681574751969469226240855899066937784806998, 508548234106583901147461159595123684194098072359
309327363469614790257421034937186430825459207767, 252151915066965576601660499311933772335538179605
249028038055807450750276342836601408015997339786, 615812533120894395902588977503313519700424602399
668831136605068152861435220923255433957827089810, 669496191379307986292335586364636405963477526761
114962387434882615554012172378194839796009605938, 494570746387539631822301855521015521066624602253
691744068269254883338745439728144235899657863465, 558017390170003902612577462851337052017022722108
407196710123567248161234038985355801483284693600, 556482077595040323269527719258899077291473731029
17722201452225673203910146952397266484985901473, 550891664684818121566738242621774787624538400690
568015056312292412255529931006533171166425969492, 320537229187933663075106898205822694154271269174
194130518496230329546424898806470836790237380864, 500517517033046421807084602666307022084554645945
58345193139953579572556040239631145859673930808, 306167181785446273082152544084402359532439726428
311895048505464458863765707209846972686443835882, 516506952565933418750073572243014920749392174846
318318041524078423408575870347141255180442382353, 427000387878004637376752900618611705181012976459
30142149134063943155681868380395174757546379596, 570686328291242324687434751704877578313241240674
333551733241606723792762616011175641642736102440, 202243231536697938791289601279157958879531679644
590555420549323828183048610502499614500798285539, 455432850210491873621672715335436735684104354994
678158655520374039210080454519861693056248215807, 376340638493675055560739610973825798896621160758
567815520693345186699951687195569480930123106933, 261891180341754041877903961043823515227408952426
537308132722749718567904827970239986411579367190, 551874460860927754997079258983582919044542697221
334802499135392326174970459918707628759268647647, 496171625758784355708237051403268021473175926681
336366243785030228238977950260829401920266475125, 739288708813632215920045017806356549130295956227
352636411804392526118580240319183309018683861691, 669845892131753961167449202595621162302822472354
181155201288503236469045327633314245483336532202, 735069901006329161845641940202616797449284956381
34540657579814812919749920087424586832212330807, 182392132215064217802854156806624758817304267798
276970550174749492822701701174827368172147656623, 533700332829939356637910173763701581278997069484
706032846708283379111529900794380795079756003154, 664571515757288920001182652006328531359303903040
182141914576309500071377595329239363879936084316, 145490022180922438714196044292874597242099684373
332054212511369313554404391314046821189663352121, 36739643172482085100781187118774358831096986949
80413886813449696948596697427777716763119352008, 75712022943821701012444257348908311073666980481
668049340902900055613776452130948334114204791456, 410567945769878981031995164378982309900370774680
407683893443037429159649073804760638649862302559, 252900688720727030852324284942270551302963356039
355786887255539381319491998782706021616019249183, 36080095760261308478205142944304360533255238382
83840100221482767580163806020690199917941341750, 44274095403108035554139283261728970215654339166
355229697580141100136538555247506422596411409918, 277663467652146901631309746540736083030873809363
710635507131642205209381893274397963362197226271, 382726333029017854387795912342096973254554642235
307313839003617560304710718557002659339344101837, 133488313335507196859306411792193560648421496749
71528912058095446273728911789177224866903786022, 402338229905534431042080353766646593823002350147
640829729766864120227597585988995629825027149657, 524113790540337453213774573977223428416753314552
275007585843712288277040754147016677041740499036, 309085987499281654066453479807619529797728204491
315112658376207906903699997088289573265136688751, 633791261681339098728175421284153246409533498420
630069066913359617693062306712573211211247444608, 198025052630203087542905782491611737435950702382
443471989920056673018536472672771197636723594385, 479650386324069863476678431182744313504127965444
664481190944019422113298008581760133550152662470, 296643418178354651248668336808470800258662696787
78969503893329446701306855868238700620902821929, 419622232621351253843875827428574502965072202468
726124600117233377264299797321472206334227270510, 114891950010595516930670416015227004856734078178
710605986339727399432449138973056262807651899487, 284169777708866675205359105868841909073931349580
597285097863511782371581678819199698496783151732, 402772961667631517957487166201829331659008220157
160198870426095767304263983882394149340660160698, 291208007254344977029588359962172697011851734312
622625712803817442094686505826205039389342093549, 191376466190308130194203737745411898685155845788
4950162265683394425545511056480244829824641257, 269960196151607151048546479101583328748875464126
481512734015025525994782676319918971707020604637, 517484317494650395152116104617450193554692665418
426297379277742400720876152327405121004305704349, 260406294366547401903357619354052364841277939132
518771613119790985739145112067502420740729391762, 176762464569959178206197183122001735776688856811
26527592050891938128414272303252709199169195122, 11897882117304865278777872634797181535219991183
261583841464020481523502426887911272175912458595, 581316989259198873831280558722782906388446529216
265341256558450478024316836805264609435216451263, 306266021436025948737020100312477217164348659486
498904638359199306127641787284352846060167405479, 685687339738858150430749566945873584376374547820
558237708779361303937988147515741319349391434519, 358087653582163560688958194194508194985590401843
725203001012243539525931916371477934611620221892, 609303703724816663034730969716946951870351950878
266178700194399397945933734882407816677973007478, 622686589958750574831468102680032722176983191984
260190952077787550718230537348862017910307046551, 226972370588396866488012468451007192084580393438
281243440608100943539526015133137355015757153485, 15867458757051862451568926013575030052426198509
265629258099392991423575120812397005982241591220, 257954661436931320344643627194018768515376676471
860872957128921065739880321961501707464147895, 616884817129906742247155832889450906992296529603
329308253828860785733052245282582920031848080571, 580310032943123057809134340154083970737379239799
668385492167128099045367898702513701787907115891, 388613226335317609101972882737198627609260170011
532236647025520237235303771040483907150379277195, 328955076073542256916447485860694615654969629717
343944273134349291831448483169687281282949262225, 710574038191148397736585487754441587341243174732
200892142588896141323093026386539381881339694808, 395108750910336118291751504093662882637160454523
33171622654458887182521707787956554388536995671, 116393167964636675014118192978989811111653170454
717035086801209926754267176379917731414262122437, 442343523339942556512657472476309602267262910841
125136225204684489239110704408284844433384479767, 375766477440367073249167424141873357230524083285
202380232618334625344657388526807248592397285085, 577093634441653739558066154488683526497161149943
595181331181707627776551684768806063392728626738, 58956363487054724722591887340626643022939302191
452622051531023371095676444151005115344547997380, 75681427706538823265348962478783323158311630635
565631827429116846731974359766537864579369667592, 84078427578689373371571852974574167442387515233
218513201534149276271451804192986686990079935763, 324198145895945691070438892075936615948722470739
331450283950361751746184150382167729906273960982, 155819258006961734999567834093541056605363941645
412100276752772359688209380749921852672723003031, 616276144641764545182198678388967071220525414094
627176786717578087996446921076269001050257588641, 270599629343920587751150321819331209628267300327
496542019993611032247935920754077534894430724187, 204524907069508522021984742995407238960689631395
116334620016648097816895665686939279022742558699, 314756599892608541216164044257010371198801742270
546994748932676146888995333041978304258607204416, 528281911376704139958011517342273554955404949324
539823591727511632567570570641941346206618237612, 69123906901982100519142867452008639948039259325
678581254747816114753557170495332157810428694372, 454110191636186134733516880208484287116065931849
559680509707845940586165283231135209518417562090, 82830825127355858193828611914770246627600284773
393031449936713950866057736043382112886517638840, 589490195100867332297671781856624463574247021191
546030945308963850759897141581940837932886103720, 423948378420118036308820010151678654243364167376
362239886137062386573135646910906965817850112484, 230889177819973176132932367172852841304014330882
472789307537375154961143775124360942941219979698, 462773657695021187361666520591036921436110839085
290982103039012024279831650252841912295130400400, 451107544881753661902816279242439529348431265081
283152245340900829312212948852386835911908658426, 739241021923845825450847080828754937044491354826
607074222971835127016215440521926758759171142495, 11047370978853482133006946799979909775832975694
7035596691326369462447530016897205649038128461, 652480674079077637989252478310326768913481554691
604254840035464385738893973103000306454501893251, 503667039236750966705032304937375064250932231933
347874145999266492317976250115392849323964708399, 678077864831658173651725373184604719080229602747
109249670059663618121084447454412708728750024125, 574648580231039928851131297918855405127103039995
197439586894712862243135075617223850900944393985, 222140967991001079097090407548536379815829431269
598941507495602679952309251036968287701957460953, 503481151817074876549634798629837190526083968945
637908449738160512552392941389407129617594238729, 124278987219618953940485917370552232331767725773
466894252791634480535849409004984994002768078034, 576996046187925753003720681330320835536948347674
83310595434397119056903235689017914221932464514, 523018480004958101119875621657562394396221730813
65054805755172736549647693837846811443211812419, 654217024092558708598601437897307620665352504469
85952702182234178093654421494741466589001775275, 316066461462516636579458826253569758713917680219
153722974174922963101324977431792780818116900569, 573498888481842052231444584721875010029771766193
550280939269812952736130173255720133317261928221, 12426641045828965117215333546920373340574764015
593647309560302746989977447215606924533164745870, 233159569418314879986761720607492968260840990199
478211311822208349168278007836558900788380993655, 506135879979348664262802055378910060713346433497
456487708998555195679837897661135633553723403236, 515935773411262178545557480842235885231393844724
735266978908543756140691653649598661521677998124, 499651775739985028770170751869193785192057463398
688155401915315923528599750826760799023533881986, 455576891192608848064433157275121203401432523332
657449442790821811596811735508129733680968300001, 606132529731805657276803468485159229072187883535
697369728288000054289710170146687015576664028738, 256681545330648232580322448852767603565853522759
117890983615760680367079112240174564784226997764, 729455190435859612821239604305471724937776165858
632018638261644236986379378073040063180850415988, 511918337624796237026346644185921462172941508659
364318743051370649494921290240776330583760241492, 324683841345829244823372268701320486717689014915
45690015020533194439419957933397981423963237100, 194602945799301203669354831113401456654651858448
558283146095360067035832537617120884564967464905, 424945943426794451798524414364559942583467127701
151634738511069177170061426918390257510747655896, 220758269794584811983710215394878924841808482487
686582768824517522104279224345968339377821176288, 194039943194566904439506097481886645939654688716
284526223795592703340053505541400341381559590040, 54243578138461232026076690586355948929017700422
277468734506677998422715263356867686551936227443, 480528681193199381417541714017325048931352234069
287698079246029023104041231143067727704576175634, 360360835168160784949948596772705023217824166198
502174410322523647132643389885046855662800680017, 507311606135788803221901567734770335664074324902
335036089851765271216768491515269180885441323422, 68805149615738335621088355352521884079052154794
171444374098453548210945345431327009551888277117, 450883363111187444165038604996788911746741962752
731571446095836288087375997171786270694554846273, 52812380694269873275291109645922145237846115920
543069434360538514312403458608976282863657321000, 390793462812563943653127640802264377921976316686
59989620611360804780593764475610922397680780690, 706999480921253273488346938172587813193129622499
724230034532511779071764064549284374716381160914, 649751782430441443380399603937918493998472510371
130374266772647499604401121056636495363913227547, 239184149938658405127807901055622790917208049914
70603872450066444444752596647617223642274012646, 328949524763913184106010520993381938600770808521
657950214889259254125241785862116240431605845309, 348328382261268076717680971445024572746829254452
574414832587949987137111487388355351955099007296, 534334032096876096410259185016478514874751952413
77088391917340227616051526092439279131684762491, 167836426402607966719128527768566362185954833086
553096280698666800618854014501376164342192493262, 354197451414355017513457217115031694376995914439
83306112586210913497939665978357039376950089486, 251964806173017689282731693502947333233020465832
457388837296418384321714330858618123417855463665, 508785165925584708396163236157860871128516541711
711480327677009389043559459748566478569722991903, 660266011012504248139110582797208370979284570278
183358300241055224181043623135436971671811871934, 515134861235880725044524590280991614543991744984
616850732055683706297584399153138440914075596328, 188856923141274507316247784196282233017085372356
296221688109440485323937750243525113890559185991, 280729176856692922994966414174275400111158195309
613612532715305467983160346688521526383093594494, 166089583549062791383830508345643919642389288806
170184262805683954943763707406122147986505194291, 99456108436481203726422583824364456215287659447
76939109536302133545543507814545967557831342505, 385518332152941229158472699440043200497447135914
439402779222923040907960601823510717043027239768, 106317396753477255583428483635073501307507032976
92915725072310126939931450652887128677090197206, 639199498129057555002550718202433823972114927736
595431668822822895920529809738851313604093937788, 676917920055020958725018159567046180052122658865
198344537885106259984580004134126889541292211280, 402732211437932094095064943746309770686733207708
498090949427407404157680264963252931662780605696, 270937522071891198323043027975275795716884109900
538226957773390412723013944444240081041613013825, 394600158679605956279517218860068072352559335767
566978046323542779424108173925482958862474832264, 105421340795367896907898958950458653504063367789
212611242442711610860526405805019217373795146157, 366959612545749929739647364733193480971299313265
613035614793760396494669482563460477097477663566, 384210854865532854108868368928287088896493588409
400808282357815761613449221333069988617431816485, 467018886998743565490965614038484836466428428852
409894599415773051530822186042078745735450415134, 410934177293848082268608745495515395705690551284
648857114123058626219149224111794601440276345182, 476472706149160842049114284255957074411158989715
338486042333914844091984306527057748303794319318, 130597650429239269562524043497956480245166810160
30325100948085812311201117969160953341085169061, 262921632275285650509410767578720627044228241042
483884815856254752651616369369521996539285479034, 14886626157552852190951162378145013552915168331
337254112639170961592216353624737927698184850338, 496281289955823274793018198984714004479130274223
700971722956175587444916181675379750320220988352, 314212361723976136143261339052635828686097613334
536101120894101852784122701723043977466793570777, 470594932392833575210031475373038983481949423151
538452424961199333586885219991526048693599975837, 444451429573452483912840225520929407562507526464
343160686632105345782377649412474022381863647446, 730592429750627125301957538083313621266600605788
253535877682471848438115627128909465017346907742, 62816628029645484872453551623626322159372838888
152548068682791491964132414174924222040062220455, 649957372413728320348103144770631329046259231100
646532031665062275577672552093278912479299291316, 93481148089525406163009591898591498423464735024
393812775076730938498836905298578521824763477396, 9599867044293954263541858100797689536918726421
186420298671471050490118424174921423113765295793, 178380198185812790336731132080134093927433180
672531444069665117421845264435792330261959015718, 508144603609593328805476197260761837155451349450
360699330881271022530500275740934501922516244671, 512081878039804397762269867627005879517610860027
316926815870070806431754889109305928976173567997, 153561384803396712211156360234236206444403234987
43401290747366895852069586723331552882586675431, 478558828152134266047759596988485330293686909431
380244175352592462719880281860062595032125348620, 350595966986397452984989299091924106015714613725
567712987971133653629900496495785791299945474898, 209772770926086458538364791055085590076782141688
124776783140436523655933545691753900082946775938, 394066593368734315079777719383151637817153770938
357667914195588146680818275335544994174389870141, 270967184184506564805997656382654188116738403804
229818954611432157736213709050848334826186536218, 255740524385481601987066804739378680757051634451
661588471356175842178767577155824349615797366994, 299893748945284926803300507659439763748327226307
734700462692080698577036146573663149773129143909, 86314882236321896537619680458941243089857678467
545182806305117659756686070269877231242245768633, 391074107246034935884721793266367793526537030456
628118394673809272438031164268814581292644779938, 169612503334943892650244098303160086652529359954
295402546767889712709428031009661965654747816555, 459486176798655426285574518312576321249304941595
113655470168438639662895646539761074100380238981, 695507042054178990247180542414841272671920893590
96826323957485987043816723422354743493434307997, 605073259259786886647573940349547997685840012080
473494925910300367038971843574145544530454492104, 267173883381383911055113781482011093866038894164
492666899080742845259702500259214802514856081939, 7665780048146529077899604708592524994893098412
407070516633843909993910734114402549704177477872, 523391016490061245521461540801658140489845591342
342983930940799503761852239823614701512940002405, 276062515785007981187744181795095360873818558888
127849005742724678300439510432135251712228820092, 390645706458950688775298520895528860630956561573
447669546618917964507718970421706972828206819119, 467739838573258833804263707471584472395260667934
326214559357317763630177442387138280698637076694, 684419889189133224621657906193474607784788020037
373673966246107456758281691759296825490180419786, 406316910707677304368826498203435506197779299492
719884593374831894773004205784076031409223735205, 592164538507934998397388257870625393052396238735
646150299163828673880910754085362048491316992028, 335483529178455185223086599528383482747667810399
379730714583138374658891600559972062068398870074, 674438773993381796657807143322606626160185212147
375519703769445343863971577619863316166627845505, 7146906914510052422421474747685582423563185984
613739870644063531436964307222589678375681182298, 397891991519339967076787872370017605946494943932
436074088001110946996104209952456473632120050595, 305505675525571843177196213784121434155136686919
397796870739156790355722552287869080294944184784, 376644591223971751447755744478753776400580500049
646664184059337552478617310486098569393683671500, 397704731979962913696909525054399987147409727592
721598161883897985942728621555695235374062476049, 292324584668186851825109867676908077300311842644
596012072005284442696429907421747480874587044808, 393987558064120426048419339052174803174260065851
222815158134972233180918441231364108237405969181, 615139978957960455844292501738443162920808188831
721228012333888396580899553841629175193106330574, 714047791163536597662246952522623248870984390619
679920341764693033119462078773504838140134462, 254754811655775934760189402484978554704141013408
508500207045105018142664826452600073385785256158, 326640413002731194006146822687188986067645519177
213776021986185357999047766001117380527397394699, 300820034155604505066760870918772461928996299376
516797902567587092825717324605837979345845731297, 517641031657112676273676179921912580474684562613
425718291631200422416222883832259278394088721858, 176563565394613771785954005070892103161412564314
505441688866810746018949236838272327481016538413, 437144119368648736095299487907117687863919178239
489843024495418794502856951825112816053069240053, 707268217209469873605318611807945883928128084149
250880455304810140781154703747303682767777055661, 645411418685313305244061210258752206906005664240
203904028344245965542305536208598670731650046925, 215763616122094696502686676761443483259427563839
518781962550103731817527322360930153401965854166, 394940482841849334970388887696538913393655255136
337943736581652207313884503842228337820582023840, 412384825963679693138599746130643697651436816775
144655170288673007841458569323608279666461607339, 272060472709197730030074655261480992306403181006
255531010976445157531562722480215238953678275501, 625278169602910267113645376546933238843925624252
604184971251328212458487158051890642192010862542, 412890382867770496681490516025829434007514289813
157353108489240113761349251743217892448409220567, 669237606427774252482956193918349258493426760376
93842645347316833901057159607125911287458491830, 441670341101878149147962949193723772521749814185
88694704254119100016416112288493419146621582415, 489085978572150534186876959480739895985792744373
240629963887039432471646363971904219275887969497, 658912752396461550306941982283912750438646040266
344539165727524951253485038148227724947058262753, 434961339491490316275810835066074359338134801061
113695670118169270822526311676580946749168271494, 541855710485196281829344186006788414692901575335
196485237661905260521462748896264864748533805484, 622386594191225796897433831560023675043348572185
72969405737524104635280321562227143056949398399, 105322408566628794129713845959894079976452793284
340013834566982911425964319304915845323250730381, 83100398946459218155456072538077484221238631441
470652940859929840559451349161814796468948246256, 538570569874651849457347581947348091953998880075
737534714010174206630435923263651728901949249944, 340738126647109572914231438812942137020194854401
200320066850810872629931991177968574119437955430, 590061910193247330924229527279844320511804549578
599788988696750321701240157736021817166145719027, 78600599090962814305428751869253818298956459229
16025011273428609289691270146043227292067362330, 15210323302066026978515739736598000807337634342
631421517879904779028710673717481758665798103044, 69815994244754284338680114492419018434668669566
361690071724573311045151880956798710387278253276, 394556325866029321012398920114787494567737513182
353262006235275726197763511400429669339271138514, 295141244283132176562731502261093171859761726648
190659186649341505395970181263906686287088344195, 260295548531429530939245862897665624365497410301
59850668373097829061392312023464883162597970900, 206933839120689964376086658520821287834644175897
381114749132502314287774513877499795418301862232, 136214837314532043661357446363113244207150565672
236321119230190989660767097901011409687895484711, 610589675964562036354939041744092374427063143091
577723284480345401696005244974266573338388483724, 303350465350676772834637325332035334532248923218
456845818309741818135022184399384956541981728137, 712371037839162920110877985905939110663212552501
700253574169948299795781673072142032368265966953, 381298351004960581901931667649305929693441063763
255728445533933392738083591002879338785212025577, 176795062057564361022688419807880866527381741661
533053640977709816588664200508784478660443363667, 556067396693578275057545319107863589656424829403
366207837310790110443451976231539717855847668904, 675329741681917174739838548883958026666427416141
640232663904205616149431026900612878248251320933, 559725102051925633707200617251495780753993610420
215162305729019155118472734313336194658744730609, 224300538847123558084334824360110595788954306582
192180346196709553398183047516623001635955134493, 663576642966280624842804477943191639084487472902
601372904296217719906231907091261029238399855307, 603640795403726469574566873286972570924036094778
98114898446809887936820894234150178384620245360, 289780905573271760605629567807370301786774783089
249525537108903928967163163844236265824617051192, 722235476150258587491988952773770021836852763961
651875314897858533609452942225703430383854022526, 684459754384369683745524695855876043145089562430
558430172514756978564307418975262980608477160615, 85919733889206907392821210115590826623507144006
587244872778452774132832387512307118243510341848, 583058631220381866674874365617220745317144655458
313812702462673822357323943504122772641699940879, 48974552588330596425759329505115248527537419303
645811960264541198140281293645563201563322606415, 243728794906576637011485188502366690524458054620
56400696303558173618826534258710252955950639212, 207079840838871827763760865509436612392499676965
597215129042100250125231879946855616136380019268, 4340057180830931629619183669754962208426381115
412490802766216280807879730774422036517578883562, 728339998533736330901204405971409797526177705042
36715330102444723929100749909180565496552225300, 694193633573177158751744919384499711215196826741
406112555810506103026038386775984143373949865311, 105531034703508746464107406215538446977282790407
678837248005029826732751962515160245351215114352, 244854078834446659001877656563922420169455476968
621357023490590641913935416845678067890611652081, 32202525313107521232842435052341245268564825006
456600528010188327396971067342622542264524924920, 609800161686693250946327746153246348581802011862
664751407307459136378893227688727930944725888796, 459656869625776257842652009283946991240788128957
471167427459145481186267377802786685913955231082, 289366551089105637770151721993689068812160696069
655240538065367782928585239663965777008004503993, 352614981151304188936147271428301942549225713461
654984441736691774267621271069363803087805293394, 561638323460674194329822261648975607214882259308
586358661332683760198085947798870307571355492161, 40082380354433371017734307146289929358909402852
169111961619048463756106602321760929826967838255, 124682361436337367280720873194056330669183368097
128066209651574422230531021586228135658390838397, 321228919591345562442045824645199652157094854887
349622006843236477346264327191871060971542185947, 530341774067574872453833296791628562783318533488
90081862226095271500228433967939673159364652392, 172960499188571559575298778331143781605545495198
262274241962414255995897048732989853678217099906, 219877336857273782702985508615515785439270736270
330131034561025991117558113716086678568478237320, 521363553812305027341727264456845092563194709723
153024552151969592798118718172554271169749771146, 460790696743730785148919819775853650199840465232
271568899567082218179384022939914348677138941998, 285781278637546927282012899077941775303284866847
659241563569564155274024090481808040326021854604, 75977162744625501678138371563089470933382602252
301790888315424704053401814683417937877901730374, 633573577482377754387192996287022801657563022193
113380381460744786270971525065459600165991884666, 160099789016994972814823218054842470575277681994
633657739346567242568377647177359207813628883684, 66118419664814236471183151080119194373090382194
207149672750998564932250455020943251735641609978, 65169835069787657296571733415536916559966631351
527617796125599750007999690703792017888668051046, 248660278842213736012090865392371851042018357993
100807892803591476670748333116788621780847732484, 568872942965860404921363269609850827363811118969
649043718978103665742347768001142134732643783580, 268360464230518758751304290837737313589657212708
154308714616529955258382788063034277721650371074, 55240724115502980194080315074721687044570049503
611161247729765627391894656867059687654675589289, 480539915825759921615670975950245580621925728567
397367586527888314943280627856373901959530356884, 296258144009834864519291900769183432519384481600
680945676530399705801604407145395580105379823260, 605647063006634496867534551049143867539696924679
73184273892511589116928212390978245687070640109, 10212088427728326719001533966989852223070172902
205997814693131787208155926140218952817971539255, 202253830643229478743052400270310394665723428221
725129835336741130122731122966386725201622811248, 74127084184856372006162455716895986331935609245
695765343909564459706150433320602307637639189517, 591975725817723560360489859734641268134210462229
667771161134349258381805838667186504653077909024, 384530714524797066847694842484588647733353431609
281010358108954040358580789552574383406267318827, 618647159412368232796598494261155489016746226480
673787321851638800292521124528654897292739369894, 489510588770418246802970440182134977462876756825
668486003721099446840141010843887201500069370663, 608069853351652938809118745080066930795058536046
594099237763545330948308934884542893975478123688, 375816684564981813875206762009154470107793730994
188302701042909914162447956449954220088134055450, 202603516885278051341208521389444628977966480773
153277738056736605855647725643229771959840952523, 194626177406713604733482448342961152921806649931
596618314139179610620197333537038303272519621463, 575762833990690601793875589885141181662404025463
54218031684700514429996939736963292625198871805, 370632727364894320199911484845795954390303631998
150281639841084565992578809499353760174655579053, 146333850582550038331441911680687601880265254738
371725053058562837189670690621579017189010115945, 118177109466687968330127468623460641222276513493
633805516133859718049311616607587021787494210973, 371154032819940336402398893966139417323819540616
704175552188911317561458370726308468864635007097, 224332532231774126117742780355509349834017186553
343106158421204135204061751506237418876917147113, 129621986839003335612665780948857856789040873484
634090848291056713661084326134433289013813289628, 646317002878389849062060912742595661860241845719
395233090644358063650639667713175095898737728186, 71454387952768974465917739420469246693923886642
576537398863670353325316995304306085622099933311, 501103911730052014585243085393282000163818307413
119730209032660120621757550069728368838805579091, 117758481459578521136811201647381602731692832455
432440234636638145482970789544684431056426239502, 539550312094134007766725508288726777884068977927
588473193302718160029836582799344940123297248935, 179516349288901286066714415916220875506797036583
659369030916161621212310893890025328485191438964, 171359163447924001838527111835598212732419025222
315243996467340700192159460294605321040283403783, 676517772590168459075579167721267472415296669263
237916004779742559365350229183510219369900086182, 216095384139053066116597472639608917799890559000
522038974135312307152779474609441427356979591225, 462099527523718093517250075289319823264596562476
658036748338629545270846179094563508020305942870, 187654683029084317224092897633004099934837165266
301513979261257280987821058782289064684298907698, 4452180803430105761903186539710900797882252437
142319244440013456226794616138762664790941150650, 475956133185735159020786539182423264326545906558
63304438773793470883347811703920907243761413420, 77577036090097367413892675602157335871042230795
122247757279585538858312372714722141008108555428, 569256162557019105093522621193342581053279878106
352860502230252361671768919342369403285456926355, 457292264241019741227744357559205309497241454725
552356979064262789007871585934905669759460393075, 263989605007542263607570121938822393313191996656
197042257457664141104275654892571707612796506008, 713450874813085112658793843952857621735006969360
307283780938827452862755628239371644526036844503, 439161780172661066175765088956210944209384882926
474920297349183635257864637439365098655125199622, 148469434617690997358013687097456052067927973696
48285718281970620929447825313630992027121966574, 279202743065128534736875262649667776346352478904
22295700132836232978909895169199309583598808854, 378247276180046050371620824676413061363207274965
10410722741771191257599053037865219239466120361, 460497911391706054950414980016475256231428801981
304266098715180914301665986812477361398013457973, 245156859159593318181971086708775263836172429918
283057035767371962792554231506548687568555573400, 197136596389140482701336273551630986929941869420
57422880958058939836761124410782831367737115013, 479611902621854944377126629043971053863892364662
161440449497195393417830549419129549839478942017, 675462012232200150773701034969265412056094246823
429427403374217866950493254383928209745509054519, 354107984518479174623194391668493115657087681776
55423503157108102770730656560487160155258556755, 366294550464921104917083124711353667720928662234
735593706001431526270149848905415355427041158320, 456305071053768411382722001884803183555104903260
323031597346554197131229293353840501123682977323, 239691442018468934953575486874799646606987625562
592350468538718779912735098572421895614572811055, 128802214013638029763250384119558560626729499326
250044211225415876568434727099171012266704832253, 152192091315525214173487699073219166345270655858
417591777954720092569687056223762308779079957996, 61510465896060729379708630280337191545779106919
249116921474118721674440487305028803068095924884, 612688942491029254646858461654407891754763268363
686846023348150059472111555231498546765290311532, 534497845794649624782067351694151420507420805271
415806206051127910894671283779457967423189466304, 247723082274501744852418444436461949099290645857
108558914826556184712990831568120355923845032605, 663636091018635760836952139443599642309164915293
296587938592963232250181833941438951058272013010, 683527818850343812712015000890395904961480060538
578146598423521988140874970809613637022836389184, 74635516115136140557165857387252532609405973969
676899253714204347310785696893523681693028224471, 271646059931397710585283040473962474099140811814
721928131192516116095352780012328265816274908448, 309039127043951181402619948333752641849469399660
654385541736449951105464271695467487718762032566, 282536635086561788754140853578002791749624356125
545995368802144959881234355661760448729493791462, 48114540049183646292681830973879535257569530997
651326370325552057857287697481289753783433439964, 54723750854454982514452419493519307317052363081
302836859632151804550677730611711961760924478339, 490934843177408195488048951964791566220052842669
510527385229524296963208314201652396080031331521, 61508318546164208478984556837392507909860353021
648350820227265607465620504184013539572077852087, 509718394705074179008666230540156033964860807366
321766989184592219641857980894178153030251960400, 724006099128330975425318837173491536525283463577
220288503646565686496684938492022118824476248898, 725398163659692672830179551977994719781817791161
69190739172618918494292957948254662938250971517, 476409517793189491978422481205639256523158203166
372016947092550089239524160210870062425510773043, 342916516204865855126574089804425836096300790055
348267652156868672405809502518630232931159468257, 649243784206589539110502840524781039925297950144
500957476075276932824683655491439071658807338962, 61818113852097845698778641770670175639161509707
447080814549855875498287376456323128991274501198, 192730392371640856973578405566422962425544816407
725785640096900781908747570940403883208650683245, 444107308557914874061101499128658162667616497589
483723136962946458930947127145383157370668698165, 552409686527720101476668870232888306760473789454
599359625945035644112514433450484277231556775309, 16475963960339223886031996700324859135591461369
236178708251077716914744472147540313555139292942, 481003509594557483931610045003883118230024942612
705039835621534691818090687095485700567383760949, 282811652718048983676440030123441696672882747068
659201476466163057991116527031029438941163203695, 350808854381983313739728372535920375342185111520
446078904017009894193586857413280177805418559632, 427907871456068582585036788478935386107623130826
174640405377414981669400328963246164253437264377, 179053569357658405241760181882855947046435868016
178526693489962916070719298339219195576386905999, 86714552376436237308824980846492888776045327854
480423786388018206222120874929746399787503212834, 77531470615534133605966566067242526980139050519
579861172221368124893471758524939383203364212519, 68913790095920518571009305573301017303086436212
568661656037648607546457979216492835359923335308, 294162077518831390007531397158824749413437927179
102788876454759195530267284653190753985089269781, 341112962417689992707370473098552881765404373476
90676915788556192469788377599848838073982946873, 441834180583568298505774094997879609302319966330
467908284958713154228716791079746610700330239880, 477870880164308148616708835500556502960673240561
214060549389195446456085549420459524332736750167, 444071677530067221164939268393133778822587321259
411871702622933016022016652554209619108974092780, 671947675440197741197578559442743567964812090042
640774008966036933732994540762335793750015883185, 84740323365958263096050472603865100811357564952
554437961600630843771666184951667500767287645291, 349751094846065897619494833614688029641368485552
57557211190186258357396890838163451669006754893, 16000026082706145468887376312851556450305561279
624372141811537803623293099359502935351173300170, 122113282302366188414627204208787828857295409150
716554152394345808908450404036170777347884044049, 205573085339244437880649825869358129555199905588
207247089818352818681748916553344751303668223645, 573130750311267685570393393251299585767831642921
302126945554374147782939835673333972493504319412, 44609767195999578557811119060587414904357925664
25898241720367026279615440828857529238064629762, 352885402055857479632624123569526412156904516344
259414879423368953688055643934382412019147000427, 587224639396432799131738469241962012337076885157
541260119410808452887676336057964532143606077414, 219715326525283599412661285418373182906605280765
164838163513466237675258044731297692853583537458, 146060214419556116720760189720331727421254953957
207203449293679142226861222685180823003152430262, 284149555230855931648303914702412511189366795446
556518756491907998668495172207721139330470369968, 68267369880163864246077041715314452202042479390
308871268350255035879772453622545550930565351104, 399321142732460747196359017657804440352678206321
549564079043725874219136232664115207690706534069, 554849958497214316559361354595926434816970958186
601106594044144352015446095690707410370499402911, 398645861258654347197662232761206937759035753699
69843454411031622623421694916413384081772043684, 468847698102776989886731890639432673409038663110
566434206949402710400375208483953613232435932869, 339375175678699376952844498501101028256173038297
318068519615126914524408022451508112432194747541, 556974651175612575035746041751244180753566066275
198953363397060687592602850971297514951788310031, 349012990653758802221210473009572170931017536109
273099924443926017981344243767060542552408098272, 171227197111918915895072631271465588318896243296
610314524405452030535861033066810416306884103912, 294708045187080341563535819177981663528414361295
699004672964413617711260612840520868441181608714, 107708671716207272514131819945236223125326089890
726670003330995207463177818028603287518834814329, 691419671631583367945802365443798375120489800198
617036444597425231635638223542051823423381822621, 679770129954833964141667197107665399989548363564
622104062459534740336144369693063169570954429703, 300807773602573320529294223918859244988624912770
360752096242129761593270202858100284246020138645, 236555045811464776832531693125238583417544677978
142419671824830322622883373140428561931727700564, 356208040678468315826673907965315852309356922792
262668274345297516532658218790655513469097027004, 336317421381552526502428659521672579002982252671
190068390508961554432466394791546014765949688957, 708579669363860640854971532066271133243274008032
284056717470051194120132777536414191612066390481, 606380139723189694943223707173245457516907545959
178765595636780832551496917224845848288987923846, 1948187903859085269187192109498839716230013290
558009272626747182245394525648088885935780482049, 353254284944130961261150778944603427887501778852
72530151281743972142264877560198266226695475690, 298450512477116181069964827973904383322896170569
22076174344588343920767889051136748153129205568, 576587692412987231854438343223643573173161434838
30830246661974137251957722953218625867629493515, 193036243122841120838117266751151798036646560388
416684565098200969135038343250951582825666475108, 706927156018311264063291785554077560103767498016
676513566726573740240393806355220573345909142852, 391726276103495310516908143206337704862493335994
226549375611824987187565777219783497714770028597, 480860213064762522517094669710843631794957979909
81965036741470835862416895632262273466610283496, 242201196576039093581472508482215752255299757308
423715818567118686785381778986730821035246791659, 448310861934375700084317179743378048475651177799
207736662692018849661434783900106832623590399376, 446574426864645152887728037505825147234483566799
620504707899242810453928329791915652259249915213, 385843422017897269089991887131529893451267363925
487666145495056233467398593720277355248160027510, 575627387765528924627403644924508403183221369907
583400892844816835300984461942669693578713106462, 110295675473673381722711376158222783494397387708
493150214391472546209505360737727632117681944659, 85484278317823614174051238164810700182736762644
271200907515963409652589876614325122984730773568, 87103863903459959994325519702423768816511179270
258268379364385997968957604376930103108030302133, 699367901163791437921611835926054697847380165557
214767243379691647009470642054200782755424533496, 121734971146651962245361081195656341648987201399
322264041784983370518069974253488665355787968682, 425583578214846551800866765642506284413176719533
507932345036980980000462307740794352419312957198, 96787388891142443988939580348265213645589217522
436519822060292049843048199257826224400707671837, 317598423705374162180022923420876603191100182481
554196307477688487439777925975992240337098674095, 124033552330800854114577490189672719361770807222
637411256202345431110354374235319974708595237104, 527499528930107936201964851197395393617338729744
711654755230223476042260805093291059282808614780, 424945481591151772968948350866921073008224103790
286880529185947756786924113005472201440756770106, 200734426567005929634639569093499991527986256496
446006875758371648659096192541722966958399531324, 20606748196905285614379337669287673329920774180
301592909455296630461527894628096565478236399084, 153205228634334061610075979236848322238121644350
282545847212513470765263073234491339120750379645, 247767704990667223927264851562647440155261493241
403940676032749135439632704350380402696082617581, 387296925907503990914198441808647990541463506280
495006124168663184293118552729183862159219109287, 374693849289083703631376545903720769402827791605
700196592094179246530563453391086775226316944595, 595614900941939020543810176352441923507032595071
582812694581609309783537175293813146245854664549, 682184875689315952963580765529546895258691544133
736957520990174335178782573706260595376732814021, 404083905435993428293740628254097972019307031089
586948978424874552837149224792845662113336837848, 633110643580681619066184533060545812218844786065
222712438814289244989844313231263182296066757784, 713404387846112671227288818502444495841906483220
380468122063475363417162900468644361981261648325, 184385890862896494695891539241605640614324691910
190095855602811379657421113678987791504421346288, 146429323336312422394967266204771308803020179518
218681831498775629140635305302957117550008117519, 610526006802650133355703037704356333144674139618
302518302742232492288154025852565367204624626184, 669786954533049887307187751658821678479545230358
391411541692265348034260589777869710588575750954, 585987618434552732333624530837345211815607842475
70272915470347716230057129177793091492191976067, 134882825229076022482925670884253572508897278967
441393725184486721090782561598102649681183011325, 664180660539356220172059136261558303410291310158
633552032976704339421466118876679620595132783399, 95338986759048351530971800909705501712156738645
734067186135258543345629756005464890404760622380, 471835060004162479439973821673605493523302505151
425865854424902235339011702260053258508292912471, 341520161396971614000431403507633415652486681780
335385305436213562989245550543544156611152072569, 578035129016060258576621754129897809332409689917
450882732989848938742527753595074169115970661738, 242670357048959659629001827318492709148706759454
246750852944941555637257105516664311324869446566, 115697223299700722463822588871582830315860660761
50792771925071010130562377991378148641815426916, 527017273631623661207353028371190918226231283770
87976134294809250890328689388641803914297690454, 626833550347936349126998304869569375622587819945
333122467327523786515614066098390013065655100531, 154394241630311488764034607325084888099362753428
577194338887287407697089858543686021141281073494, 624430172644976432289081868632605974656519916072
429062927938624253029447486819065715407248720745, 147958322925482476434706251385342203045955494950
349813077026928540653261398543936346966371817428, 5656944561479501078142361378099575366756625265
236071910142873234796729632091208690415447857661, 468893566364624623986315606212365958843796497223
727404686405939193639835411630187247853490540904, 222677276863990389880193484390274738525169215164
112493162955133194442669361560573123098167368592, 81850458123496678492729272236569930230605726721
203061097253440035330046045965438684112934835063, 410698509050064098306450158125898184723007257937
296342168295988374227188928008269520528332733192, 239529425299847191023689955598925436453572799502
72696349759299751215700079251293990827238107282, 298719423325725860047825281096271549364387663966
373303286467264583295570198400584461715125243068, 280330320689472032108356399885137034837863864641
183516606226231804807771409975462064071589480783, 73265277017140703424022494012242896139365346885
108560007113730792827639897681625606932605154169, 188551328807785909024664100269358349018104477061
198485390031025870615771141965969200203524585472, 451377908850130499120162101606361218427036305284
629038944347729827663684399950837491857223676471, 194263577997235110964314833301592372152995014935
196315772889127128626491721931830357276248820425, 565148636517707924910898782870948071937377860661
53680928097377262234113773086357862594759720873, 326724716119022458674818967443040397883669645883
264533767546959555928697225142238136552763865409, 349639117273305096318727275129305548507261104543
473626602434370332298287506192213003616876961800, 524892293743832307931927530767817688274446875501
191122717685567785933925779307925275689958973604, 661018157762159846264804008220452767176289216092
129345298430610311481317167218394228324648924783, 604054244963971011221784321471221766636067882921
140035410754088169016933377485157784807829478114, 526250623273089346264375347031028328859475896296
177818920000570304150321263705630208826312416597, 326089849047423370862802817642862762686029882008
286410682476250515808019991592564743604329830900, 232108350519286021586575687949987274918429095694
248177948904500930573593917028101168933553705701, 380871307616635995664970747674930280467616870793
89443152649386822450649439499443451698352944812, 136606540827558895945967274613240525508164817873
412749935827376667999819823231218811502914891092, 642469839569336757607199775345680539865954580452
693230947343117303364119441830314613876511488903, 413694491478834052700475348770275156305120016916
97587354224042506644442534151498607016120198268, 717110359247021358342832044126573359197313062231
445568695089344864382085767124875517274301867993, 608563001837900407978391455294729499857920162426
505519740654296194995231408311461272936190470376, 717424609551033971064259037336909081654770837666
229029482743145250728969234125807444861210600093, 39681734315437951997972518856814944344684297471
433608198543978331616502886962777366976492785603, 265244506426695821472462461052687395897824804318
496694728473286243345529599832347725608252371335, 158045768438589243334080415575501493974136119972
651443341233171528392666997074632247939712715804, 51187573515181510314550865200043128484638516607
381629682014460792543559979277756996737808531149, 224748568526198761311669747822578233792118271286
386057109791872551607538380318406507182258723523, 597291109008033870792464505414701301122625212939
372493519176970971474188331344283154370300163093, 30759110893332954991509718326420115033145563921
222737784570853810762597102545592012213656101031, 540101244450473249368856179025224054222226734439
322710567844250739965343186719319798335940401208, 258239064920192921109394211638050227250862015330
523784720708309565294869213028483222198287575732, 15136418550612354183815888636482038474524991005
724343060471626423612039462063685345949803693849, 247518225815309140818421918631305376645466694350
176105367425591532651007835493394115844812168877, 341551600806572549365129947796593104418320016931
138000274155389866207064538400537002975489836547, 475873632291518654795444811898946595239060721800
483656351122770758040669292330410449719601126914, 174081518534774873951662531761383813584937162212
345945687735650678203771608057633157094770190011, 192351852954337067746117674871294516240942035280
139202462639372730733470885804466577058417001018, 141653930461493106879090676016738567828197386653
590057815997588597131447388142466369051536162084, 185433644212514539870839273490984611401847883549
217554120258298842682130121043534977735079187646, 530386663428300069172916667459380454936393870367
506171708080993739583141955517991323381765209696, 268325601785842041824937114848186976871331564167
23849929156478405108803984268763149630195178506, 721775517821608229574107115915097301827252656904
407338147507104649310156196155800033836303888447, 104253587703931085432428875552274381446107151223
621222240887845659024469922889514246841324399347, 218986635300988278644307549447999795206522193372
709442997709726646116216054882646449964067396528, 164490838549863439134360688224666268037941604310
653735420922533319856621817177402608985378281288, 550675128859442763359827344644235927762616303514
600073215432851058583308903128475061817905165162, 556834170666795192721014342841608107944631376843
449952997150916324753041067097182139969221236394, 241673696609347890429024751373777324973168980432
337850926650391970042170263215444655535652830051, 133438964240381880156345075286886625371419688585
337798707506274666760958940569316177712706060495, 358847748328720248136056745102787139439924681939
92206855269483290461555366089288632106357206795, 631161221434396088695363712119607183382597133123
27374804540349049682155164694090203867581350262, 419825640473620186997947696958276869242755098368
489592827508799642037722301512300750049692338719, 427542311572451977535799087724864889625546301869
392314636669414070641977051654836860777668801248, 36509365071172966907401926813827028589985972949
636849358106042740277045695896307405082537679758, 495663864634119037231471978881253644754167784764
117993508153299582299845143983287631300799015270, 62472113172844182576060023232539334278662929810
550953885578372992789377781477179088239424955066, 157018970196638152642403561488863585500732248339
510294139006182487032888105896354673626168476709, 603284607889628338172836721078225477445225103773
258299846111134364731934861580086194926820662339, 470327225670432510126105312910020711450123735428
34334141502643585978225591955994143708977816628, 584039936710000575947972271361995019498046295836
67765179249947177663958297108661499415256489888, 489254389614654951072502057534922379139621315677
461732688060088972525560167025706045327068632485, 408557464735429413387979450091971961203808808695
566675763143810175869357048095238479699918087783, 305955424859959151724702923405232777570819620803
51190112461987932688504649045781138723761897463, 696434118378732409475276771896626670947321121505
675500629068737844768756471672955319723180364051, 607597497917117277406908357596997598927512999599
380984145175411443333742401739351627273967281533, 231166673896036052980192913885155582469695319303
545027475687963286914438436828149987093524520676, 255760668064606386063839619816292370428245175427
175435335965625243590548384653208938137233114771, 260637479568871879993158307508282117538650644466
691544046111137768249884686981402364886172777337, 279755619129469665666192831491904865407779064209
42492678710521193426162950556663625886952895728, 604596978979678451045991962256327756703678166600
535875788725555582451586610013494483905386395593, 449126439255451060068521118960953411211282596928
146914205175885798789058418101147232922658491716, 689121668481803023750950485022932548854021059853
594130401297178645238181953082324779011095222800, 287040559714161151345737076055088026118468203751
277284708699974627988985510636029766819368406656, 34703370853800923808827857989817615571162462912
512049244428924531028786655016125798049579941677, 663755111248360187549204264181874257704857446393
292212020516548434077091688403272015442454227202, 468287391269361521208756006343081137817571188914
551688746168616491413057527637869170931705123912, 277360074883803489645749035349942768562913577568
92158682452989811981523102430279063162314626161, 170890074219082146650619220732499362969349198160
324943921330132854649790735613300951192462436054, 302812170422117088102501043350146876734862734551
265975906075216829633115452094286223747386084451, 685900641312781391923088540103729795047986067785
460243433090360559919930893974895738164811635626, 21100387359716563040408802531788729604664537088
423288566945672133517243745325216279278841067044, 100918228753185341661276663719351063994056752743
519711884456827464184398411857566527398022462708, 19814476045748146646270793593777862381448443442
354196689741575150466129425369286797951679503986, 152249256524917469057841178726121294953724150832
623501600015489541506189086931055444492330064754, 186588558668529431950706123915382256545981147092
143373920334993203295407506232935300524857833362, 637576591458543644502299736089614648416317385692
696188499160475985244419925555450072343620051118, 283345446992165831243733853373989525824086571844
373412989630560943702295934249209029313093687552, 417306255139399054173368847590879644117268680117
566964104653245729454701922242377240888199629200, 287930060386034004793875810014755031768428313381
25098485262391936436232295856743844987885703539, 153594622621005484985261903409025584505901635337
158185136402629574655244690838525721265753486643, 427006825434159697623951127167213102023532248964
187524442041979830735557958677083305858199971336, 75218015172298445615071142393615461768713331152
6109742338205903433277349736335884421492908643, 490570430281780727176416871365529059152599105793
267389212012388754929830180018712722255835014047, 518106924470068845827899757524360612610359678665
400616349479695935371972517585094262441053944260, 285261829311646052316596304089990095891484929422
353806570753907287070070846581360703575112356125, 100718784826083176045165762636761117099651847075
414342482265587133674472203743981702347890147111, 462377608572757188450149338030686733285472826577
594127315436115776475103424318869033269509338098, 169994445093751687170158186542570875511476057338
631122619341778024325819420130246735511026833029, 256842674749557283686817081526130954946979344534
353508453911951829566044279797739296724693707538, 171622854671495167446784327342961814524919514196
374523308275384573266517473788974235175087492925, 250446963884908643037279189785219153105964115574
673380004053170452024593147864258480865544458319, 729661924052340564616447503688124623352443254858
245595691811533166105275615285491350280394530402, 17052102124226125792221145859812379800589646397
531044677789784671468582894285368298665439900196, 204258586015197284298943954178068714474336298006
177787601144867586349276804655493152150612039074, 639831718107941052506007660248183485959137511030
668497135222292652068040836158255686014086449987, 639737416470100121363058236426298790780398530201
38635605143311786491520616022004917283069676631, 191627770852015056127658070076349296051254013274
269208719582174341607539265580070712737732882565, 127492557679049920083727286179841299602786495650
8138287021927562048363013252858562736202928568, 713497489983662617560132945886227848628999054747
196707330593873785883789545456085127679909449198, 449210275863063037911290614449630664955815104114
36509540138289272220296186589301104850656977874, 538116472900340321469310121450748428155399919796
738461293322053268880344907902785578915516118155, 693440010741994925382815735985591634697082723770
583120280983859753673421041374111808850764593811, 739076635649542340680331953816205184875763996588
24542727859531321544955008908819091018806722571, 353468151818306213369824287174675469392842528372
520444258965509595317336781491934094485802172372, 609922362941234372325220973455446093275851889007
419870216836839053182737963314691620801286498673, 335013724499416348360193825284711994492732604076
558834304728609055782728510476661440872459988112, 700154224984986324097353099919784675043669297842
71400400475798784300077459770815291455439619840, 111241578666818217815839860007556606395530747762
35920388353631256455566270688615770179608492217, 179708050288894503948569716256029711806583464091
456687662307257986273034650949152334466737022405, 46297858942936363412014711002935405226027634002
555571761407808503413539548935873228339009731137, 544184356279743765316256721030135055568809590678
602927171940896467099517142602036166859540874226, 227753596017434704242126356498890723201413626153
198583260296500439795051729904500560438079463545, 398639627101191673134679504590350491414028809024
605795799773911633374989158325147618186102792928, 447697073953151069499000514836803623386660369859
499518558974955245089836011240560128182014473024, 612406925225644015950591258906217400854105810942
273180716615678296488274058892815577645336892653, 84417677124991701835398536990488608743170890354
50735718887769360177250337455563971431103399827, 419848429603736418161896188505029823365077064641
509666945569593224516937236552404343170497037850, 709637197113172351275724145909390184185804711125
551513853677803162799374820669049493617788663612, 497218740682618052142695268317576019029360986905
504167325834446879508780075179174131677939107406, 456144431332609430106855497398894131752195516940
654291741541124060421687050985409525564344956508, 727024835616170982075421752361902493843601648730
342339806364242708233450895639544315424839855545, 240096084314972738367396495864622765399985492709
642895778861137844505163800579559915229161048145, 381207669393511164570876642724075824398699372562
88086490548510670950558752513053205332798025514, 90155969461078805685503620833721296295600478558
638841101283220270395558881531933971612822606817, 585546220945492926409890737504987290777888490438
641446990642924232048943040105095029128479577320, 58150690613283060925350451185216116494132916719
713637515770766657882156527810520168075123301636, 551447026987449649654977701669527422248775829920
399143753031193735612434648147075638964947001638, 174198618403000163769346397049816968734943752797
183841089832922326749820511662773857633711930679, 579501843664047986341496850314280365445763681370
242169441699743626360710062715693841734777376770, 334698164962678580593535474982790429285977050746
406599279619584625716920905093669873113268842319, 33084532060398544027598796615310318744422254092
198432026450031830729103390123983247525038349574, 176118241289654586973339361435467431510423028823
188870261091777011032815675886834942270895811896, 39573332823896472124087399508410349378174101536
327122095598412926583104892902402617512037296677, 11949933238002954049457204928748286070671384531
710503106344026544434538552648579812074537620350, 685696682233676430039938708634780716203711016461
16183299475644344302071200247132214810384287569, 605589730881495223622787135571555443976698066772
612026260574317481661195520683873030494116265266, 152866629103955965489722716761747494882736245590
75729355413448719891914769906731201127104597882, 565850516301129587695733694068786223376660972543
582212949808193354943737377713115431878261959344, 549548461695413321910335038524475152492103461772
557233149932898839243494364406048875247165114492, 38887576285324841154812987863966519782079180992
638912753462292937829669266641788067700156933836, 66316546401062680825735143269264904478518058650
257471858271954705326939834804494978058316157077, 137146203372856784883893485599633771292700635216
378552903935336592300052350952781351266792416838, 700342644222030608396445110478090056340329413442
477627678135650056621855080145754940229779905174, 423120536093870113121798936849206931355603401109
156942839446086515588772351722060421475588632955, 597773667204493512122259801334848430749832555589
106806490959803277963720488248057850557541770830, 282852124226714952453470989304644034400522109624
526297687420233983803004313610847406693983156537, 447200065747142187269262189404508015677313444437
110807457066162989531940404394169418354298036735, 509512496800841013825050544814449568761308825178
435817185699333389915916279656531004190587364115, 38204928415779001498906496613814825128264570940
493978882143920391513431609942943272447048010297, 410358373561831713871568189008049284173058556578
224361824465060935770192526740971113692584644745, 189552803572245410534471945378327763327785175454
654532574872579837190409526795319254854766970109, 135703411077592526567718769003729676222291190120
411046478766001906661525177633889984468708812643, 52847622104763197529059608276508574502619933742
480730652298632856586822495119487391734627480671, 102403928305899651477144099549498489994388703214
314789010524990920319619714043569898964593061802, 267120147704233248670301862099776222292322767454
105934762046713951784075965826132177667074443413, 2243087585408799654517725353819625853275016895
300455728752181184091356629016007979206845778884, 641819330477259873007147508841215219324168528787
383919615306249582730093511279154017947108567732, 608527014096484415378380063656615326223756603467
279171960178532600266015501997115792462211048912, 285807295494724503129779087938244844126402432645
391061300469365723896812499865753708860305664392, 172552176306076857035554180391264145412469284572
41437309558831291138986857858985923158966092542, 538478302103372253701740435740470673689964616187
23483096971741219284888980030605840976554897322, 51473841247355859566682566403450102194557572343
219297386733234561039357386340669607855851666539, 634055258244407768902279523577738838394010848182
355168902902347631849829999116257132088673666502, 426947919008087533539478801165182988906965505710
140558086199663300036564411962691938150868473480, 736551778116667191321457328291142340066421011976
172398288017664873493206520043703760956918517546, 606126024349448871111341234964107508587429466333
345673530660137578202155346910102726227546968668, 530369450875369063322262380017139925337505361522
683911738791125789028137213049108126152956798223, 17080703208669651695941573519572409560174683406
105756678737287236991228784844287043151295376201, 201226903003925128121032364927560966056702704371
227743556134026329666280642106579957941554792922, 652015387815173371217112219923148282546149865600
726581721939398407124111079651754184067062731951, 81936712894609377184309787646602373416103380320
631282537103921730246400081362317205455955498347, 135525504023454272216032329326959119877121751696
469718521126150719575262767061452087265132199923, 429741739261668204034164769223724086871620342402
276635377021943648419394121762382442326479359712, 128686295282823491864274919188595274271499385721
165287677795009908175868303875511112151057833641, 662411511693125001764170144718999229923033346289
194326933338804595015459353863185188207827957476, 735366579166761519000858585973688032557508538491
363009942130164468956220822496085152714279221943, 670647188404720845822184202558346290169864584190
663060609837070051846725969639871677356467060427, 256890413965663710763855569268569551244610550229
413733024677772966387453894247823913458679060959, 92830174690950303922437663986017900994202703089
132886812160469934399980611339936886426454051086, 132959501817196268183562266156607354494897374593
306811732253369621544674373526010017881829835515, 267569618972181104473706210196998928424879464059
700576676804848994245010883123442880251003993513, 407850005438712891896356506732562022963820129433
521067951645419398376512268285599146284495259787, 180958170145065289059985284808350920553408909162
5067360847928758723125286584475680153087075394, 274737605769830879710732456220630440938826884764
161585313698560671484601893529121167423774963484, 631639001350348774741234113510428755703464090820
684721156158195362451109008441206074035495939025, 13408925151868654914481186601537394468511634268
379041153321668746788162211760263543865391125703, 257809214570390198364129985954615761824237227001
576003732031867835078107629968576514199223898911, 396494632984735291668121503615623386460231876520
272167077681568821859294906304841827253366792429, 380598970176902013445703611249062016557029987137
578001716969001900455139320303124348072456864829, 282763332967264511300036556239974650413613507116
46106720636677146371927629453312492527548140583, 261562479114132060467617949163939217772306895247
618855454181970520767887048350636632276744752333, 343096226050459053439083940794787593170984931113
480892845935979020690483671726441526615249989496, 22812916445670877670696157575765119289958506900
405573101715977356052576671184975083607578598916, 89858993500332582559313076442210844491566353085
395826146572129123681992416232531554316424727354, 508107371450102814638697132099312926040764550958
106133969249937201899178248174908404953684355098, 595890871167001197756237529699126790440190142059
559353502527404121986845320933088221890084351062, 421927226518713801705792628518543333990121797744
264281573573645481654928431670383961942481007241, 1393169452561088132558555964508411072554515932
562780021708335470246522463123534861483177546766, 443281892337905801259744568377616084272943010531
450481946109312786647985355254572692414927738390, 298244281131535783491079841897002797505560300955
411710303152465851811120619421507244115942798619, 377947845966328374756157002989270302484534608159
320660941664656072840098477011250593712482929532, 561636196710527465291159622258892633550512990726
51936688093998506007565740712937230382807313276, 22217668042921887131887451864395605716638838309
348609757646813341996030949168580641047152364885, 662857588778633295275449186864348040912231506076
682453143548799464829368329833442266849564362077, 293656921182448537274199709112719600439729057505
225282821097224399670567649376533870676447461559, 576136300159610533972543413602450293283569374253
531683509769210674243546891624226892508911575064, 116604854991336713204108882705925257843029150216
693047117213802233397278663730874609116014623174, 90105492499498179386374700194582985699811197414
590697291838566656251801245331512743861794573598, 128307870715018659340117529664137002491507051805
170751990853792060689521311938388689614765079963, 44272893140701536223130827566022349720209000386
380423202447892038739855591770535558505766032526, 363914242295517566054901107257921218283185644873
132070995375017713312501898627386183792183403287, 476903808459509508711290172569984234705762803787
183579720744737340593324624731849446020239539267, 695981059629949609574091453390313338191258549180
276430157745074585980195575596408811233123866744, 356836476045782243239796478183069764166087224154
50400061933365210507190888292336088521765766176, 694951923286279106445605358247242527462126722278
449236734803376322553889465017673846801356653683, 450862184990246882671584512948652220892042243584
608025428934329263858695319404606826762820744423, 137398961970179480867237235426925296277715144089
581609537482980090383998236936456851413328492193, 292596090735644212466652319416297679247253372313
637247654446216908341178857208703717331927815980, 715495174978430268926034583871674056466547065488
228007210570734997701467225807855874992834504086, 337520010131004722138044939334514276668762383517
367355128639412008115721289949238388929059546404, 300143724232161649311851556051898010159777761959
627193724039274771288241190388553510760314606499, 614522404498156133307847054652113726777440787924
652604930321361117096078975903726089012329274423, 145861640870217169473619224551982698807396190336
391202079909349466881743256068467144736443838025, 258203412938583953391617509086866048785661485949
694993556189482660017565406035295912375538706858, 391452455906431323802991879780676908147575209107
665995003014463827664524100463191042980309947483, 283194002199182516539005906854371360220191889858
84696417917969708428575402067726786925231029664, 520133237566010317867332824851045543945828166567
145225374866763500939633663042838956843981441462, 204750831567684557924195890375694979748104597177
294919003784785780557972983641832382716557679939, 385959896814857136839793675401932818550926007874
231762445159777736757213081545894366116724989725, 207217801309230352665700613966977170914235099111
306419853807171009493051921016595011132784917977, 2934819457601433820232450722060580555349911110
650817546626480392961663045992186866361437569893, 205034015330828222002768848501857827350956234765
63026266590652782187536264801040062752348486553, 148727491620612499341799660326916903748159280393
118160963954496645963472618731022954124151848316, 531739836375279075723260086276044867804215705631
416711481813709229548598869260354914006919476517, 497639837342571991587664329103235291495894164300
636776297687143343097150515743759951334842318138, 545262767570145417127207937083043574504964388085
417271679730218534635929043599352174089771282326, 483788767527921841815284055665025746139856943865
35924375222092028039761208441119065942225717839, 357617833219622456044173618855853697425092862822
288656294426901916757390537390351867979454383991, 64555512814280893254136757496954568606929932964
433971086487773212647051793214385510057555692454, 319878736526060864906220928173013547688116797219
478887927876873885945415737490182687545075955770, 411309398232595044901558480153895895359905057562
626797236975676049484361170166968478705929818436, 111472711535533731265898112132628888966239299847
129561675419859434982080729557628103459189852315, 632519256543428174626393418827084685317409762784
244246295190731312317113162509094945361144856806, 689748008821825565052100851044722071563632261633
298669964826082245576616959937565490686986907152, 594513313343518153367091304381404872904198231445
200867185117344413821958812282038947477556102624, 352946918346768527744782576186427845153128882319
29273853247103131445059628041119649814701953204, 591475234890870305720600541738789745164382207599
430807123310890079921879566646943756762500737552, 572751346881280977450382998107402211529188702567
720118729675238382704371467468474720227524286768, 559231972927999066768980002851827844876466752168
8033237765589009389995896312632530922567758259, 712293159146597703096998601057021831522027698317
314296057401675414842296877434670604778008790665, 530613361559982803500822397193750063468276869356
626471464183206709186620909270732747721451122051, 504097635133740085305354185196709920272806862676
726471665793618860047792282467220209329155244527, 125920423904638845607946254318577385583588271315
113533339876397876854740715863856101658573550108, 178373910146654046639582643949856876138948322870
391352335399648322225233344361827929687201038751, 548899975901601067575662169332688583028902287895
149843293377299046139919554105651705787038009571, 556734229876861545110138703922057274360186339212
178324463287147694115456590936397983662724868155, 53643042641583317619679424228281682591773016655
479876268478857278890832438223027648118629054069, 129898199790469188634007176391257319334235906909
510754551005321781348525374207602407039572358469, 619328519968817115778481132750957053878629528568
27748337452876939576618873482497439249579389920, 628545548159532608667795400169885272526128891276
270898521725168327790429678959149526642400215655, 664686319025029154849033800324475959832132467210
116976544294192824386068285792613365268897063886, 386136674081721752668146503374030082256513697856
719043834420374746916925033085547513563579782459, 228251840185237682278541700921374011277651387891
650127172198898745659802654151601133602631188369, 664880347635695167519284333146267236649279036029
475862312886391115430845956620421668715166152279, 253648843592840780949807210487940740190037955819
622966169939745330140548122439315221407335595543, 81453706448048255735386532719903580481605007122
630232985872829256688576766894515309036978641331, 364397813841657073563843476552960855838012727935
25428332440442672849510439155932415563793929306, 70881021408565756889140389823611423127877159906
408453894428876283565419260227346004206900397786, 492906310889199807198992786258000379939359746115
621891053122851118886384706346210697555097919068, 109552535119546571253187457626535765069342880460
229476986799060024119294881929258085371203719401, 448064029497562835334781870140772559889929234227
199103827993533811944417941410823110864506631306, 125320990838714767816405952571954028332640250819
630967485202575637831585068119132631005880544220, 91069634825057122654598536438095919212665912899
503103340303679360069061999545717645683107197074, 530842902409175705601141674471775905377452720493
391641577657316720946839963546200598164420301456, 99653549880467379475805245957948416448752272514
532508629246743661130843762394529541313846565898, 434899228693638613056068336780754034136841156571
622899337973000821894061723531271252449076035191, 472372026423783286401332347846584788418051218460
7273752508467794397320122746451185527778864827, 293408573726370872172106901615830104203795447702
503497992464225308844687879489849288984677445819, 548825119543903320000197659257472709245256395402
689248870324766039062256979764001223723029926640, 566439695967148713680851767371619678698157260413
361344268567326663191725777981656583374144078756, 21743919524778503227447880721226777572201360340
538953796081558746511771423669683536668811677044, 278417733829119947314543928101058605849422672536
41322308430985870249282900290006675207297976803, 88892427539313802100565722731179044915016606668
442170999243879961999933946203834547863948859841, 620122946639208664872598925506029861819693696352
34360261001700777996769854957755507454796529820, 650899361585966208618962886128358595898823171654
663025035977575041272851027714762734313730412894, 231289562374970189874637731480717610721127298293
662242143566907215517064858908223460008322642338, 272934829843157115837967784677635786744079884142
125854458365075054776365077208750457704848364148, 472793549736226748978654782966477468428402996470
678070236609580602553271036564698253229929364952, 413121133176759211827525938426116274520083819139
207903243761811542638820819665607409215845511546, 510832740775839946339392064465444157338895911340
119011711867340471510100800259280072661607711802, 191106131482834725317126271140906894375282976694
713155961913193293054966155489727075484604822939, 185443239916443898876185364815912413894094361656
109201279540648415424186497595801499090446302126, 181474089646516575558409951186706038643475187046
297958057569096241179015003794580258939812803370, 196724150101705279753264575811386387240420228955
566577935544803813536967377256716664572365315771, 445901338928644615953949368141677651117553091818
103704508085691020729361783962638797359721035984, 255783856836324512829310235480686186135850761616
381613337558552677499974324159302982107045737621, 684556054969220832711885732860023633516538781641
697172639873859239455983582219221829575489258048, 603276473776764478013659239147037049778782774818
649046008431221231082188271439619625663972185540, 167104769525041696014869849719155450083662787645
438724504201719397320530321197745511562500109662, 641182421774499293694027723532589252034792301366
391366997761186479797315384165055756727517953666, 672030273495197097880107185230975438453603201981
613378979109644446798746101895882991919219293697, 149870173417076191655791781262555302677984244643
310401861904998285408315674765591812657403902636, 274631496026091985617656877271589724953450782877
321457190063726870846696425191546190315228796092, 86397046587691305111480336427736532567937499051
344457979409736067914633479304399307156727371437, 151428346241757586753631044355736377438955658214
718817495275486548656431900304947049163145122377, 578845385433317685871762654313209640904678991597
5896099056402379894111481693786127626051613437, 222314153983220597350081313664840937075460615386
10382307454962612390005566487371210117547496962, 273321242020006409251642044868276963704153949425
142752397252987436134284898253143193578550855902, 195080291622809553288637934069494822080248563875
347796112679318122515540247452084094802162283491, 101909405199542085182628948627645933830272700969
343293758981078244053435215735288723647632971407, 541864303264016724959976056443199022745882928272
680715876987434654802070368904066472776159648616, 475362198888029984074953627437774945691048411412
735623984039021485976618546825034247331072402106, 646531608077315798024960863145750764434838696516
11461658026173305751004342414573881111668623237, 682867217879001612765245167401840500509080774278
707155133792184590977119550348247936512576347594, 314638504428544802726393224738912287941341938475
566507241945185360509050853112579270717832666013, 387415942023885588663897682105950811373692878750
522521430720945737666440715574130176899386978514, 587965273041952015797667499589580439974063053244
579848508060617409965506141200449929905532455076, 192409866384374221403693865774716028079419560624
25438858601492748054866192450346348322442674960, 574765800980791525619297682131888260266563651104
651204918248728945440527178115392452710251732088, 552172304460702958711557032380799129482053828637
208467547211013723669875452605883567333032342810, 590256944775763221097163354470690951885026060682
303854886699124877596665990039480872180809896980, 555629340479466973387166605021162393901037015169
542985922341456040418918525810242378519334183704, 111125801811815644650262415598118800830438928049
487146014452498501705678090489070631157401830247, 394447122018541372025645465608596795816174695836
691069716593032906360339700749341572973168944741, 300942722045092643414774576507507874844410971365
174173027244382248224615918819610873136270786968, 451451362801559393451601855721285130899621405300
95809706360733137514790859862560946540028245709, 681129630946934198959489680184805529007254964087
694163155106056744371757773415155262966465982325, 449351892882627044444159142162250310926694290761
636890436819799206946271293743436949969330626078, 255148657812382384814956954745404778795462787846
2805807385835009838100898691893965409970598986, 14640324156133003080526054904757040192886467972
514725026302551391434156399596048947689711917617, 542990381918237447567829874666356885769350852708
541557541631928967122770988319010999794923428277, 169299135533272963290745519796103706018492155925
395409100291435178533940784447570476157191203152, 173565713080128438431030136306610658128555570573
578941711853189082622188263560153730438166510149, 264109948284891360332748784871802908343345444109
385732617594016278640910404528406362330256796385, 532562672351877590036142600679602032558432377131
264213582658033781162446074404683210743141392594, 476395783340086096142685074002585408523590183042
558828170578330165650999092918248201623260801307, 496623819804175401933258516505086754011760037127
481991594199333344036907247716836505916156654880, 683208543308271862005312988018162252505196958555
686448916637077453982691441892790900287276418388, 697686529470131024045288074586799987080490029867
279390518471647163482516325567768879595016336224, 304387386958854682694629190111365143513368093991
543776238123809172281240233782657067514321647801, 509691161930898996551508652174753707777968737599
265058582462778385343462595862032665076905059077, 178849972102839821402061625897197009969808290836
108445284620400048832993768992160866721097650206, 534588890208477907508589850566985226800705880032
13419730114760207642668812799029048970048230066, 425490570983413921726117617494072396319191827730
579275872100331902279147632926304082566691192689, 365906336697202422717150287468201230353881817436
130046600348580400137869675946747463060065850086, 64467027165482675944971199571559068965170658667
174999371970355438831992601747324969024121746311, 544863961191511487374123486677582371901809911260
447767531180703962238090916845463899892428737141, 67655263586914008312496676356936205680556146885
559777033385184569161439269236245088806194237464, 298360287144541139509725556994594415219941704999
222175250457017661584554891812611986231820941388, 582304559467241667771802364821159497122478739990
422822360700790860400701271188130037425543850726, 513769764387425446182531772750202921255337391824
652459470763615407128950207383391195630373506368, 381027577287949390425464856858160288511279946851
96893143081279625709910176771032612376989923030, 519920282558638906358730314700689756103782425932
341589086544510804590223918269588748743005093030, 397632939412425909337411269446539297193124350145
49648229703618678971779017686046710390148053706, 413226709399241561678053604900654007790021853682
266695717176945169787257516622384307908219914085, 18733401741016286206554140078532845484770160401
544031366455796117262964663972967581941028643240, 672755151321594866126080855141279194588267281350
268747573270674245209913011167761823723943609907, 689115789521830501846208472120407954682414509865
307495596241141394718023945583221653667055568279, 478431818041969639869064665452952091470406342150
548485712315051635196338485916225157819696445096, 100350727441006492254041244301855798989736480577
179973882800860983218031598723163711776237145059, 734809152259444341131030040564911600429384759738
217881717303414553388636439976227362294107146258, 96742335053192774707099193492366065708677292125
37205057261807315016010043547619894944301386791, 447351014468135176134965359961085379521718599936
91569333902207250983314693764099000569734788705, 158879690292053145405143506447443372845408529565
56803414604819259569556265234174518904155183639, 308747928800917475892913948424820653701857620324
694748289411883433625202553998033865357606094966, 398750087408699155901530440078129507465727169049
146234018840104334124143076175463122950143331895, 284744673819855024844546537667776213558840440451
612340733482592851618581985797543105437279262566, 50612667644113661775370195655966896440856069879
418721638126174255114313872852834571166450652555, 274153528195562558628105080708123990742987774295
236790016531074948825386965502627006632614729538, 201731895287664997868465429027785215407818051729
171934941486963968999164441223804642282912833194, 18021667573097326142191616485048699501066323822
577396939910004318326414500024111651711286294824, 60740603825423726461580172121113869049746851975
449400878166178443658186979089737225438039274472, 400779067670932392607303255512545385904918188925
700205359022983522544681574959005722563087789810, 210267576675747908610987109082651152769183120992
196749368006983050142773777897671802439731369201, 259334498664342734841740433217846467661591211026
727446414315345667515755622205659765470340759055, 680481402817580391935274774694958020902738578005
363250789076291597328447524575187601225607717949, 522712437822807396292393503669595148212527496714
668584209764510954280707819105848443332403030483, 300787511347816981703010024076580078192812080837
726504356071163582588789978380629653124578803312, 133632126159670514717104003610482266349254006367
259975146970164762421032156698707868191238236783, 389318032917089059782614725178908556883334291817
51520585660907180449579694371410742887045710534, 120585864467393674993945058063789723058484696597
302405401716675654279370816231163484812154886234, 475433655840993147317246204047874927485956469837
358839839084789427496681668712582796304146713644, 382940703866354723018380867825845255254595342059
185748747385496628574462156784693243085472260706, 531929132559669208438282124364743886516867753091
383667641706095617950060372288741627928114296166, 739143926633534455413092873563875036748680173529
142594442189665855299702164030823608767891829736, 408128369224231208764315303173507200837985484920
197622532867491670333756512178961550588624317228, 112292052297783860133121617742965824537573402701
377029607524381850836187224841188136427833198433, 695817165983268915059622134927481005420415304457
450646266520058331932177086573914639674645160068, 249823512086967836107730773662130575963112001892
540512743178331317550656080793815749422053392773, 16075467384515977220885840147082325988721073201
355687869446534301935140969637346855009479725922, 75071434640757501722616202334719431405629206400
487923822297219410155014359798793528241244274645, 482491575338159749798188378499674417937909654343
618429762016721582215655507848696958935111667327, 247627809226852464809855389788981724852744794432
451119228290741978049231256292467126265458045395, 100648011666453302052189834170280218413393267057
212466902632661804064667200400552508426870976573, 719558873252463032013580991193875407197477922215
729917444563153192793821941012419262158525741323, 395195297424957306115549755641745844972355792130
34246591610002099212008428705534288091934765144, 210421407581748081995006538667673266161597743613
249033649373611843776195598334744260905276056160, 524821907418315231074960166461770518907559704066
551962900771143211747561545735821023908523362348, 221990830482034480343464870184981564361303453359
520232437157248088794686466985225100626374971763, 451034044268732185796432605279397133033259524018
656084306360027355334706933114819014485724049151, 220497400417937845043960470128223679144339345834
6199918113253725213616588613098064091140905754, 444692222364184298426523725252927543694456163071
122888433528963234405827202102281509364585043103, 21912634452617062613092711594325545123065092303
570839304107836398657609626133239475383438373457, 553065245264371909525334411235052905212536136944
494234256444888282010745575519788342721076822862, 677227413449106429569697898284380920696393762954
243266213172758449863843722272558363934572283063, 407035578022146331722525479566553544874116779858
9336330101080654475407399425657287005248798666, 486201831076552655182835811436160270298666692231
161493527047374324918903440820451444062860945424, 599234751952913937737173228112568515163261212564
334780160917485289047602186594414532607157480031, 622020825574172758537369956239787130344431181871
202638847865047506820504724885868188412171624488, 687550950690639664055496329308509405681018570305
680167185986271315256674482810674436214849283723, 712105718117153725478924099440825456402488966948
594587108066648911479844031640131245076366551848, 71245529384445752643233277828388323835728128652
39652116451659760223802682520756818291902524351, 453905792085425955647969939007376805388381772234
730848436292510496386198685816221119380287451264, 109223701479145171548206559583919667452091194154
477308612529779425910948831200515664558215658699, 425089191731364510022273721535485207751147916834
118881511245734703954771511246540348426525699021, 42925144461423327350108585805984465666346189565
68204916472515123916670650186929249228118516837, 237253036991694080641576538967261516184263768058
99776636029104880439266242143515747295055101941, 3058939204084047025061463928159742551215644631
381815055275061806035699165074184839467919690388, 398911197707624555196568044967469739230705602853
93072229950326161090468255546912060984396576979, 725979231641306380592109751783788051609319022097
402844917997509990844462492384510412527163789270, 350969261104240769811230745752032059591453246063
278585709018011645307310944506545294769645290884, 704056107499383629382691158600811733183591169067
706279985211490821417817194904495465434589947548, 424630996461865221195638597084196919205507383895
676245131084980090493713845996802913149995033855, 688753386051134357649633600631168015643458548661
620223083110640503502922991278509125788707231699, 427132516327449970506739936515404202002169256269
413431046841129362117056491919216148810975628676, 583873475187154656566563556634777134418585488642
430816844324610785182406800773667754024096015080, 86764713153215315777671137671733387601985477665
356300650886152919920477551082076456215090069048, 359240752886906331926492496484094382594840923165
147887061815082743500136751181677398610604884005, 244550433353775443561435364123807791214084715984
