13241554147123563567435219927151064746227456020, 482793874349888363035665960017386945229870029341
646825240977348854706834322338556868110012907250, 625111251461464348337409419079140202344432081973
374497055155042195386410708785276637554290205028, 354103289040342152686920139498030141599912646288
336549879094496957658433589587873812787622889776, 520846490983158421252986009788247767215238505103
384815940104222264500419224511516145198574730450, 99666225883522379794867787766514625030963146476
250731821155489215434832074763990960174958869889, 309665328392224314746218970958271748211843937392
192522160222796684527274212072144582960335066455, 373839063748155121952792573925289022785907971963
409220032533651328728040612896977932041379636901, 172803563181321883606878727194971136103161354780
347085168664295731181661895050953875205035950398, 601007364541125517168872706386058472425140137949
3803032376232862584938099491205450539807079515, 91320733316076279112427146277607535763597179591
324254142002686991556050847737875357015592043889, 401499156698996967454264760643173456936102764246
589732049955297425408601096954005847055064688211, 678984626118825415423414183910700725273609087272
537294746182612585663137300551609504363936036102, 204657644691403151323378059604448855000812014997
535737670774352132516830785000167020690271385461, 622138017329489930124683302451675541077810907606
388230275769296354220735264173545239108223087697, 144541699400428834785587057190097773114278834682
503182041451442076819037637367089032470679123361, 217933533627410214280655942786294955551816742089
91398591663718960361951238807418808470066772846, 264334458290377083408678674334680926971529915433
550919596886511624897431183177990210267209464033, 619387486462308497289430624545462823197061790848
55169747942042223042956466628378883683963701502, 172995785283577450008080313902935937192352106589
32244907417741148838540420139521145025434520956, 532166689275526387683132775833411174057268792159
289190308172968970453701195199410507013814135548, 706975879071072703833921577302895005906523763357
336794354102303645668037665191749472515147550304, 369487063478478418846065022206422882015883564883
157695612892179674150295490705669819312856752486, 23224951124654597579903414488359535280967922752
250202322829878087843403036997507395989372026917, 342275416920618287627662475617509785032258107992
531401519215567473187313026173502763029535853966, 719946939118424212267578133558976336937919263630
558999140005576519666015117236540174599376433749, 305469258881666057093247430851240743835124471092
719641840646211984849485599002913442245642833872, 134153195159847406456492882639809307645629230898
315359937851272027989176103191153316496289147906, 255495341668517948571155238642108264496021095046
29268488172237378047162385932511282077216687911, 638373695968065418755766854761015660476328973413
393612909847052714873793078631522288301665361074, 430628406069230905605202640243653531305823634
229588640574691443362817949106770235586738963488, 389012102046326940516045669145493209722524511270
551231684086715961023565473464841186045365392870, 208404676899077540005248122053006351251776257372
601312708768579529023913964508645253231663221717, 546908859364720615414861797049024516107385098855
409028123967589801522735229596266045233983594250, 408934278302279378236088208362829482643682405121
130578328416863677075255012635589005757755414685, 305346743627091147742492184009174397496519507667
114865381216767143963098404050006258089093590883, 661597184520720251054523118686907668422199496840
487843825830424879648308869649495047417689090379, 658484484773834951308507147338896705898332365297
321558354724090870624357354454111207165198766055, 278438309307447724462393701783734738542520711641
569135505004652924204401962816481867294674890542, 240680453004816174479128523061282555738075169875
281529598598465577078827711854133728001227993188, 485735184555190079528022937548239569101483966992
599459968523154424147298233968791016701713383876, 58018164989795764232314894411104726818182603661
568677127520484891435195806439331020866039024700, 656582066069252377989559615847020398105207297735
401355762374050433360425990380214870843941684838, 81915562004180643135258346430744783457571182747
462391352407368930678340900206249432526779206236, 409944633519150291643693177155370643739157920964
299857690022058777933654310543923963817691165039, 687523824152911704576410638116399999947055967420
387909014146692282712652005979585980051039242377, 406360919792565255971740092408923464835753555603
652496872354579362931018938768270490768023288502, 434745746709266921173441719765251339708857060860
495139438779218991229153933732137095210434656683, 687395898984451536480335705665010392097337163472
665432169791543259066136258661410292940941896483, 219047217877918854358295663476508911204602486526
16278706948846220517793179639995849131292519576, 661228632059055160498622618651619283744271885537
723081891355085220870486023565523373489043802789, 618093736239719928397782793525663383524092201208
386460614486514108183821893112386747483533470878, 6092788572502144110036104927390733539812607877
201748531366558141394395695128481902532601002530, 547544683771181578041936009752925249440976918753
376711829478418785525237692724521777616844409767, 207354494783596997934526502997847993383304670122
177830092470718747453109057373502727791494383458, 518662579968705574649678249881971700367286962200
103949737052659804775613375581533891831078734498, 601709160014992840724512820926146169851684890183
247892560041017378499301213827837860833755088117, 83950328037389454655133165848764251466464991295
617929257175361800893738779482383685650064814940, 177641730869115588971422390210848967380703474876
477288172172736059420398944428963361171252644146, 302274119371040915149943100454403407751700398557
196218591787641796829205851353173682298249606016, 212864723706435426130243102990318283966553578702
564456644790836586456216163038282182971097060207, 600883177944392716585038631124024392349951014535
108132916770252228463590703603678917880169351630, 194269275074119130099772610644648830941879416906
232361233053622797640783616414088899436925065289, 389260937900675703018307328056257634699725078818
331257687927152727068442229424951901382498289450, 350179795910474889666982317516136470990985552947
512442665047249781265371718975695024854105411747, 425960844115361581866871931373903946721779730282
593122196688993271800630095145278505631644304952, 119165936021179351190968868378727167355223077184
300635160026275570619557947635466823090520194562, 240433988037400292764090708202331586139686104392
299694600825072740764574567364068815076611732987, 361152215533464177440128555291156392253942833857
685480919600841096085456673513837800394534734859, 549666710674592303353213391350107209965141483519
274345107490948618063694425513479260632687650133, 708849552681510333197434576537566080809833805262
425401611446543674796845991042719605312572961497, 82286367547389579592000154283454570860413609047
698243027666818796004519511654495904065622898169, 170665230969020039339260661177479850346984871130
719484452339879256124429064105813904403466103594, 378845869702545303147783944129471940103794523336
218913994056398033214344219716790737268396118318, 494126429259569073234798295651339266923899642506
517153603488681447711274178068737809946096253024, 408566876556566604318784406270106069003433369442
70140154142277034778260512509814959690311932915, 433607382773369359019041555799338560791183150889
658373801141340771718893330241465354188108340940, 149409813933236948294330165746784566145579518329
200821015916382423074069110704482465276397741642, 641040744847248224041293402337618123659448411470
286257479166976823909470854597409641117885664855, 20691245945890000935134720288683161311005572149
699233017904759872240668726434359807090908314038, 563335110554275503741520190427952497218078894450
566279605098382297984630438451544791839232035048, 424691948355462668933334401102834283102399156829
280718064997878466291130564648199139646272632415, 666651507881694225262208850001933133090371272801
564425095728505416542019516489412457638041906403, 652816178763343406586812298059279438188565598282
295724443583468432854499370710340925675182653067, 5401140082623585795753729846355823210843966189
633283626186535411454536016552961233012223959006, 624235469540767711870042268930254699706583390767
472033662225300254224201179488010013255576803470, 405370456712638266043434709690740139411693737247
145239255637945694564160546225848363252566276236, 342501429245149467686073297304657244189329652487
194995445261281097228701031653414235513840770543, 232009228882527888927584625695916172697344246810
703349789706671976827555593682224334840732884280, 159523200577114431188524842255172756729135424920
78292313562626604053938297487819656907374163640, 39284330053151742630455723666692827151145728841
737242859255084418616385608633883278291622320962, 545089450435638158350490213013381041664826816518
716456129195244910584854823420580795693095512739, 390628918530901074516934919047121558269115547407
85680255974469796324413217533262984484478188843, 256380666723732525169401587907264855137144583020
560455686081304884868792331836367629039411219182, 372112564803162906726525368053442412258408257860
426282617787756158062209628316438119082486686247, 671712897866545681689869462415245946231126409376
51507849949147713975973610274656956882007983510, 402058969725871809426391291930493373849085864453
181720666700908195678810709326611496744990248690, 312801486919735929752673837273310240550606930766
609149293513632101061525691497678642595815437966, 656696097405487616400178837860209936149683089748
277465543356591148375688084425642003767802723938, 367039266376453652522032754765781910158687325238
133435436114283117533247044778004694836745881406, 549263981759665801876913973822964170267109737469
463727251571338999764407452391579389626266739453, 598380093186434653335744868485020438800791539106
690164425442790553432709677418012203884338392305, 411064249886796849710513823105864382299278752715
659185379912574897344437879161263924412386071110, 697891792347784383510779295648670029256388511244
634795729239495677932057371625896514439175092999, 706711697376669227480511204305616025559142117948
371795946173522422473909437308059861586931051596, 81933776354210765934180648015619334719947002553
428591956589300233150808831662668040920440974911, 528101359445114875724332275084479455787509362552
203611488439842790039196730373299834237818521657, 419564211637893803677783044169762674874475212072
250565339157858690138711012024253667829795679222, 432564585385501535717879424831254688132302361709
427099580285027309427070282603265294794989383560, 720235899640341844439383436268633652945388092705
192723443413263502103632603415299104782515585651, 625266861901821171857307906057972996526638005628
689363173546932513000642689424648260135457793071, 126308600243241181454386953091550420200918244512
205476463328094832973247730998507496119910389894, 532295794290613668552125714279188749177848461455
262945090967878621043258378329787470293501490307, 482638707038043801014737600484075383838458346566
707593421703104955958925558219579020650522995413, 427597043846347571205143735285883199292474694431
140184746376222557342012899050977961833075551748, 456626522637089161480914601085087269683261238843
495020224448163742461129529262725049443278487843, 129230805663889590341571850580273141073926688790
398464985579410967200860224202264383812743143161, 296437294023045033667605974719373970009723819283
621354141605201351296972912626559069236559613092, 317597371999543039469819522859426197078999777405
203705002351793256814975840493898886364959390893, 210583001158536001518851359389980218460891060234
464694936474196786772438620356765658985499983189, 647865120720048320824450359384475259031562603280
321186658163187298116365595803420187609849260471, 153512176470780763113334393924187197025219455354
423002945417196043516722055009334434803665698801, 233365246412494393390963646584096926434996066735
451985049425425978835027767396770843946849207712, 108218776708690437399355803694296350587010183982
79987810972934631765436644068802090040119330769, 731204575722044735685853034707839129718585181638
629519114588212895154870970517109376530354884138, 173627649949644125866272243640610982330354830109
86497124021867049417571417825432061616581360194, 117431303202009628174472580525070455977259829022
173163209194182673173945100347107191787564280609, 31909300374453011896694770647907405193829929066
516440578709574887614634471999976229526309180959, 251908657218477002186273881861190638497992335835
404741103557922642232540234678029798468356119244, 189577182552079849402155629506983103944017422396
517698114733373886248491353521420812513474439408, 54042068842876200033488651889772508720180336771
355475326944012471951004241437744450635956280426, 347776928115729810500245685029772379999384398610
607158928022205206080413280971193683544104558339, 232170502053098105607778644761600911153792550570
653953292621499377751748130746785067285596375727, 696464744976863971957729725818053638898107922075
282367462789651965548893099880602520473760514602, 628512082659637274717460997691410393736919169539
46344802673149772791027047951961003521401649659, 46319344721671472582695380777718370128756469079
616057907399892673467744056485542955567377440646, 660754423898040734566556726002532807505060502522
309978920025329754460575887116708512258337792192, 423212344629726501489153241780652371388441154249
586166530554890742425082340709974860038156052144, 627507838653455905928517145053992334726425991531
73089106601053894453612127462349189502190290948, 71583163435929023539862221948897086491235693108
406853135771457485143712748017724504906683919453, 451071502961784725320445330954519222644176971419
281175945602972204658524495515037702009914799928, 589038414788398681015894897368511360284021131485
132398761021687287076018839203429406962226918014, 13077578129885051266171352351457670594801425286
711297902134576007762545441355882475824047720720, 182562778913503183619182651935096923321831879955
336083431265139731344977095386252955968488815428, 691348864353252782361558336442919244278354619041
365774144969400077855203116151438025228852634784, 512409997301777533181733951524049546646579559985
489990420030053950252801981145150368638015391271, 65302819135856050151765631335475079597669170750
503332085486007796332960946789305995682667339672, 295170543250113530952955197123590090766029343679
37271138566015131379385753578985536991196463757, 387593450180751027984636582100625517869763975539
309996062277842979043527944486280492740069081735, 90380195413399626867720934974127547302786768604
322264259621051541470213447150955297844508660827, 471713422892041402442944559383268916706646508444
376551749449083023708249499089532324520504623047, 72745396639966063819536076712192518300570162269
68834866256039154958402933897625016715527507281, 280037948940416336726903327346102178758732939503
165861764059779202404578712387308064549647060166, 708530328375211737774454234641341492155338121713
164221495738196744093935391815463541282716656167, 386162424124233864833196567327800627417085586797
299706444087364125465922081381174163033236884613, 482542768738121640249996782218967464730310552005
76081677717741772570657691768478751801514539759, 158647671566231954216860262527200029987020852056
392285762526672636561902843799469445649943108823, 32016329174585673617198845380665771759625637470
357408608670766171028901533137430843834711307465, 567395206878920692532234018743197992630550705136
396977562207281176260349585350687074328331452992, 48246926276665229256297111050174303122386638172
461701467308483531807810194458875583770990921100, 305272188321901213873618984393612021891959432479
716539796595352673250098379442167832048774267474, 50567918029060490334373611819980210871727124467
340429741248305517009545218738942034453319417923, 297294383753036052067984454047297773824402264986
325282116981402333788009310711734353795125328652, 295451822762927362622671799669905383926303614712
132536740091677611413715493403740659907769980428, 678758839102768325600779280684317949259470037582
610231906693655036744746879114480338341180933684, 372928569748964404861224798703914427534514758195
236714133208735806620120873544033748877525886714, 260395844544127297497387047809539698561405845435
178404582210036411854441634629868768941174988739, 485264876663270182343430655446613730210184652847
579049207447407736031016058400458772895505334945, 473730332262424894674179466118588574139779613394
82324937203909822125881237997675163133367520488, 678692801689298111338156738930198297176555333511
390732760842182597990961803979698125002710269818, 288793604989508334036284511090224636557982177151
319157264226447439881908217475821413205050676375, 171659097753693844805323032849340313145147011106
229201514775812911083161239701338170833290323253, 533894606663210563258245549679909153382001173544
113609538130274200179550352942951002282935665843, 222849699924610334904990189321563527289754649381
737349330188615070324801820412515516617417545394, 415042419540022709864389922300953076328820177951
198021844961883814748258786260190730540174838863, 576783741324517702457794894097023124485906844909
639161031468672684970033596924746491500959501218, 415474288503625456587656837078353500492661352563
303058635061839532560129766183702519235060548987, 561231613372988993546145928363822323598830908829
369721745888731867891930561566556338355840977770, 335398427372768132755147404625367025793440164801
132624050390528372430438741108264622637373927540, 45164090806209405713412661561539794071742310789
112733978273974203324917172848683215642409352281, 9245454285303645886796564286289368571280086883
176975586672364079820596635941386065561556973325, 294559848685566571878874649816490723382577775348
224258426862995230366308915133741186547268989203, 259423948497902086333811394235690596390280314431
358981511572634399714526985986697981111198536110, 153262414059692427724998081238556274926186614549
485018059193279243121886843614999459360613060378, 157213761581078918104539405972158496779035544556
186668081837549548359388055151312152730684450910, 130280505585963073461087255024284160731243662994
142886103660561867216466886961733988388632799822, 228433232268802610049860713418849531741746320231
121351267758694783784694106846150651838966017024, 265446724503940948830265654379866937333532598521
125707841098951534596076237321182355857543400674, 565084843684317296706174693790424005157285437278
249094541557025297984188719104421258781721533037, 700625215188646621545452857794707189637659267791
271479251667452109366567821795301549853926980696, 35307802150506725651604571767625363738613453673
688211438328580109060627307512199912400876858954, 252242246108189068215507262101945127657376454791
461503608562627068275771770192560879493739244670, 247567542426812805288747835523000951186374104462
151614683097631917959960339900400594198683771130, 151478877243444554747365139052166741354087607766
575418924440268565400757738272440784653164306573, 448807626846330791101225457928853674860205147502
257715286691844842721368514408460087840185813525, 283595286112429880088844182890561151116895297889
198969958957596331876164916882283553522545200531, 640226596722466539076666661709628694698590105905
637834357297915712859422952407600289693745088667, 185022821483787862557986422311362559414580202636
389760630679701389236278826646109969945917397344, 128462155744803160211745899174885846769397753353
45106795497013075416166957938224942935597232967, 685986714754833748658018352368579132953370320984
341933218014839908185769167309086490041624783514, 95145388309051697870897891140948876935799878085
594861548592087688157644988300708163658337512122, 280977109210744278783618007718147138059232918952
638248632773827349059640242057021780834772857876, 715162693481974701251910830660802451046169686792
462050549761968962345159264030121552091807126752, 731167432682548108346526500998957891558848971277
241650490596661774088757166265616012544019266017, 423433200596043447089219530183854777255630423497
347969705254592651054971490745867119047341622503, 124820893925708343369689595551121030336565413690
214113877392968092029986427967906877957386586786, 398240442830547374993557698131702605276960866305
72744899055086670880212040844738540756445782194, 28855556610588945401950342978890322135107539525
639407201191160026918170041718316192146644455325, 515752840091085407562215344872969676587762638162
698338756368945851442557885304042431465820260334, 580906161039887428094655258058431434946711564046
221667281904507716717007560749001720463960404137, 539947932188624566388724814455420099316894865127
254962637111565756122315849676483730690492515963, 177599118901350846199475363937284625472200859621
56618404034498617514784346960039354450723036017, 569371048613421949441281467160071151248391912725
45018714709684800878577114897501275242950505086, 295171692898194862325119919234527597889535530685
98800181541334302892196337949206394540682931211, 404673412340453535122926196937127436531950616614
255043315265715473239357777428939709767162142231, 135376117393011884819602075081011001019484574466
614610314771657457490080025534331857498163578908, 477719621699069394511253917854104033902949400174
93833783428847446880030990070550095334529888420, 214364747366106317053777551263305011237109602768
413374991285261867713917232684316286000308909152, 253979565439816280454077945982038121294702330498
204934884335824390428430385881755108761408597362, 716278723606787135877535068749944158708164330553
23447014479495840209120608993139151754462595686, 495904970893496847828580161401501206529405047885
261751190239751829921009346949857962913929274228, 248182517882299881535652611882324657119591556690
668196722427510816879925757947811720036967103035, 632786655267639735666718186048509530391749902081
111359585484591954766734121791146866887892014810, 151468512564089483233948873941397015398488538724
285050943712467808829059154205121371319211889875, 689009718518284851565665426709747093906731575595
510705897256040650927183274402819956765205893917, 738271271103426131626000828189255228097303153618
528017268680890559492058228667791236275421275273, 518349306422168297472027308120502318195272304720
574661186140122942021624424126897797450843368110, 185106067447786196499430225560866750143563995919
400951800900089087509020454452730773240296134798, 13854894569847424269770328264484936380759684481
398212957351450664743875041160302395361606241149, 709055916447182000502766638006377653117723357428
638580696753620775113690957158623229180202548167, 360272847308202788045313043136972052537304668149
712848361133337141272186267563695135099308331701, 468338327806697232202851797176203797089284949235
196341424517432343997301870240444519713269017511, 735099244944954768010515445789632344821132436362
51955180768402846760760253697259182318200065825, 425002576413434903316292910621391856199697070270
415362757737788496654589506131501041703302848276, 278913866512633791992242823021060144122328642165
448162906013879305117423297336846726625372549302, 396079636968701058871968795671851763511937524854
486583694739020350252894927439967832595511581958, 113437730085150982941391585717935294371107478407
604969530081234426012083282551834759217384837428, 66324502638067896333920147546741575976313874517
258930213863969388228640545567049433799011062189, 304659286441355204142028112143095284434962183849
707963507061415181387551133656368554727411689736, 396237088714654669433418709825540310254675540034
625546993262422781314416325007758039313426672121, 331803575957560798496760226903056054595693060307
171074974047399639719632305056339876167034185166, 732254292728328327602457988660548342232871082657
487047952223546673706604740758970413404556140370, 659090448352527602082301980360005211901353497621
274221150738492484192250511822127743685551897273, 658746185573219290763323772958656994989316942397
401891844300245554432781939469549448705010906657, 314328296167186406708995786507104735198474297779
211408219964972107338728482956957615217887977629, 201336553458426669994180517630773960564008836337
336561934070617668587700280195733139476302011898, 508806114317619789477735007943165565419842436548
229419019031852630202511404856093826312445546400, 160224491339425999999925480448453147984461447484
345217520562236363666920416724878527351341580337, 39089555556730217166788680314781459693236531288
341380650947911102381768932782725574056269796540, 719894705258181273739985031942503388967358159227
353535076864291919301969663215151340112714873771, 406949292077014535724257228124729405120570186526
79218792920383007920764181092741933090619378470, 706546842119457889331152721640716231325917365275
537314917429181036557074113690283226608142838380, 454405638025284073118025388554581279524974312683
593632440278133958933211395775473214390652972747, 620259784814115537995140696880339025538038828188
547529010935720349851517316652255454031532701720, 158838033121279260993193394890960061365698791030
427368891859037318091459180127741402161180230376, 720827414860233610924106071505976789128596825721
64589967606413813869344286923326078615657909819, 421763941941939277677888909311838686625685068213
120236240682335506281240493592868975964788035784, 280829587258262298340607539296225280121280619249
712393181238895436516821376450199300771440841486, 271648286581207362025538520666487954937477233043
609955428469547066789240355492493847961758856109, 561732582707680706960434360567113023599215142600
441696425408008285320173479811452375179127864058, 178560645770284420747845339141723922164260808277
185981008208024635854228932114723052490320156990, 331985318124251252588214381488632747297040095795
182115180687449207839669100981587508712294904796, 4161538820860410479379629165277768088054388914
631360053861973845589368981899876253555762409139, 711462658836097853501188129136062120458237876277
233458071771398327771605533188140068481737727179, 180818906522955580061970285225754346335616836110
476460505448616961511092646613661652530336930657, 79666376318339071769372974202963175510116370313
553312214807080402975292670639496680580815627922, 110772175533435525584819825118831686317618696673
726577634609619028628594662322026517994947208750, 662510524718753893853336002001431602271341960590
587667763930199999313712718691618304000147998105, 738927964535307575833627424575404790710261365003
202678890117884024786139054969098867672847869923, 175867430710381232263819487592813452975056329941
645890712422826641233068704243734487913733311460, 22097455187915532052491480473318688975784833911
214200305406384815255341490507436433405187571742, 340538685181959278723461016484388306034852269640
111788622118463854379813896556352422826647332352, 279903722178874542690308245771181056545856813622
60561895367833339707506674454261498545700646, 220482453866608583555036279784063474103247125443
367933630875726665879564717201163155413465295655, 97288189601210130749095840750092969483887211022
274525751013021584312680862624106069472905139938, 198324446347776748804071747811795581787886816232
299516180798479851885918148309921426482854252778, 268668039047242010484410229968160028986698660635
447653001968450586521357029454227651762476145010, 580867534331173576564867094118344479886532388002
275407316246575735078890401912483268814416628762, 597518499300563924888915431752432169760751319881
229223232396783365127872169991500502585361216343, 83271278912369592111794308419341436962621135972
568732439363504553939621913567136716129322331744, 152814194493308248358787811435306481036626064088
646551017513130941161059100266806499600554054509, 64303309402980697657654523055022953531625457157
65036110934004234730846787699877537434057109564, 646597978886243424019757041098883066864544373925
397571009738695469932905916089811912238514768699, 703165346923146912936721105478432783070463325499
492398257858699298257066029226340631464296450578, 544646694670038949973813394016834987595797648757
231968118665354110016776549528451566450218702481, 307278395319813933057821831898101030445066346399
468616813002034787138011450186161787785752467342, 710187536196556859223679647028463409805242594397
135088035382710423650699203384739007359710097849, 368438313786848949261092554245566062506958117858
641373600397038432337796960581443357669676351568, 405419141227400052947535719394626252117006390473
84068232189788945418585062619190673427303342734, 344147244792324456893969250242772933596975801526
682443360938424119828492677858385290715084253034, 480104777703649801471322181733379437613952730252
242717290792463956662982023287678767830964473960, 315686593853113768392436194421176406032327564476
26078682975997046945952143358907545760708107842, 361118772439087839468201097109626362868590807779
207321827409690022563529707788046102223779547955, 105461018363104589456851566958971500572885663806
1899446386102817382402245060079430170099507216, 610957549142910863534456000359124973875320438548
248277415103574912498703402984213506835216665163, 498450628961533027936377624859350765936752953892
581251118785011483776149388847164519684432316930, 224986267141060909367590051757857575697666193976
660726249591501320779961034831142912013098893049, 635406760838207309290870323799827572337104254325
313555021273527804918583913687896064572058903949, 571193334356041483387567923175062991713307201468
143546454831436831603594218347105257827821401655, 219012915812815212194851130540936879780632523210
189750164675123790559642435140544783879041307863, 562882743973701224726630885136498474730959181002
495332918853340813577752844252203400272859520204, 243221274809214389759592405203001740433136041582
265760354166836513940031684782638884887778683942, 164673332729552938095190060482966457711863190705
284172202381844992203309312709866292038731602095, 694798081418886620259028717263362086546831498738
519603985196997276934464157140381495359352040566, 234752450876170426828492004392262958993234386745
36124795324206901232015700006646216331091872120, 386203311152724260116999722563465962739504574079
688562056003308562053584982647706805060898246043, 20714174343731931244211520388221250544410211396
173766756206403821796311853457810468619151595219, 21742349412239487791426889882031385583896564897
322541763559427083500929697874250451542044200432, 309389265810638907177321631607614230522903024980
144661140521510437666827675862855167676275633159, 488889107521294300688172570399901593840532501800
406785716767037934941580512497124905296483840688, 545132421988609619350735749172576840010346124847
426344902135679278171994890075123821129602458244, 266985359694858427923332788116492406263996001923
731588048487742380686315226933365878047785460934, 380567443861695610561213430370253908346106718694
32117976967270045476400672085315911761424827670, 74700982154498932727640334561946399214395445605
70231312084627724999628058594520457421851662109, 72574391392744909135340910724684062642412255446
229187880105765921407317245588274122076721517519, 298175814695420271931387003257421164458622955797
635292932800038200657773945863869301312707931808, 238366710561432233185770606460859968434210331521
184290765257803845815483752662043587270128527442, 567345686649548814772328332290364579041245889016
71422607675243096800313369760630882299339418748, 251646154699246684571903671929767716032598109548
698772614444371747187460641101965835638353995133, 301583046327566616666703462639583725339930682637
717682254949923757475004474005655769387706466736, 90155891593377788429375797225323303066352542378
201318844074052848473193761329118341846531148061, 614081808204181788858598028328313437765131133384
676245271276300026443567201658907241007957512170, 608700563526696714013944408968823482486721526315
343753325233930747204221602875522263971976478458, 22345517534180559302983979339244481815799897900
339124360797577551014214913515718258688387574955, 531328365850347475005455498792279446875850143828
598858260346604181881102901072025035162088391843, 491431840930559265457484612546006030711564519212
314589624420639217216572798480446322413133954591, 48669411122824002831212119059022263317965247039
22461622115228661231424723104295868095370174454, 595665144857235166751332844317696477216839159493
194148856662482424779180315845098533046000648634, 161349921691534956795472176263328645528126227595
71937085793080314251949741965858670199005635119, 529156887198253705272186188847200730996552274863
640437070233640062384704276395548328680615870427, 514414773789783063023525686384304969822059886134
53729965335700011282725742577182790387896559037, 722962001515443839960269486782470884391827295312
706889909671445171688608623480047100518344267915, 501755185239570666374093648236303790050303659869
727445514800695716284829008321042478641600025362, 488763384483816076009860813000266176213866083638
422622039722245965774751375151197627515608413131, 539260698993524931784287652388126866858671515501
621370084132921510416628301763664051665730320061, 110848961868101033257093641946373931232363565133
625636493340680747674029714391827980209496297069, 246572542166549249845887602536123347406489324452
662836286860974238774776316343985800144606563411, 735774399296742862903512254135660364255049078888
119230369303978349506171855001096793390451314896, 585975181687816904348864846380993737408295974760
575218740792755761550142248949175936027971249516, 50355601860088458246716311788459699253740862277
183862876368170338730661200563271083938206907697, 373264782327536101095291077055610820415711705946
348260750133845351206925728283861690938651683498, 67970765651967860250701276341185810810882034901
708810727332366269886405134858324415336981648983, 228271560535358273606654817741855537427859938645
632441153290507634880548211922855101859012004518, 423607734849827840337967522457681533149892270551
623237221408976966122156054802518705892919852839, 520135174394112440004820983637676933259108440092
345774885313796437883786526392471053966643995601, 64508470629172990332865321880284389228328962716
136524422397319663633152995901189398315282989575, 354614644507797582366948855925874538019787857011
587899265075110004215974751361371709667017474452, 232535488424618574120539172071361066572912996532
580203435730245115944432904893176063332233644860, 529480535070411643974939449818361008315590935994
656833777300892333224088527760221701743321409218, 386722302519217012188871015709190928387600712808
668411473373428660096297643880581740401741682836, 386298055149215515522601639844012816303960664880
76426041098068844502052538219273531007976211314, 163791036499560794131810169829100824592359594143
482696985105125964210209577110451161046211532416, 343163219126856278007666257796396856553003989826
446407980289803176376447708612019616258864636183, 612045676518684625927891852417266576174502203065
384199899346974868603061540207087565104174418415, 389771625990006783741068884437231102093437742920
432625691266479719264696999929538555177395158449, 266630097499018465873925337442510889801599203961
503713276638268106789722719708767590508612149779, 401754147957773024417609660279554374265256322359
616346347837451612227339672483556359597660689044, 269611621316958035385097564748112687628299218084
89511849058765151943066412700975508195147560163, 49533315982096489737734007636832981050160829179
705455101711862585515298974568892841545959881188, 357524398114926724817589307004966447384035488769
173322046501765707191955408129187239184898012627, 167020776665959303960932320193172256479380562229
446653963577087824460375599998005725903048485268, 718647400864933326691480172443085299997635362880
171458165425877718460278733849269617367767884960, 495328376181345395597784680408409501830402794087
496394353922057502771814130117999716453260438911, 497359779596765456148789682327958093067314399120
298148714642070987394082750219520504550829524166, 224062600853609658532745236606232669413774557276
507372191929154127158695509217081133248677652052, 617438617910533989058405913448219564458208969163
232095071971745348811293740723950344172668921957, 279022380391188291208987557522324739696269775049
113669177123920193268284333819343167068752689197, 59128603290217515690904117443686755587050538545
424422715901322473197327951933375602695842158877, 532154644313457747589421244907894265706632621317
241870187092799724599143463924885665396522098244, 268266049917485028489772732614533644985443255262
342029356153375374738175186228896195846587267045, 624016435869630475717903921481839565095652581387
475389828862195814867585729363248634950274456969, 338893470688556055778520624693771189515042507994
367562593134200317073970177769344281770767595729, 245870945384339173419179051284991107442248050800
440773057013524902360278572369412683797850269479, 452453299076491046802284297513637657263944058023
283509310037359575771647203219471330565240705036, 705935840157521107047633983972846055234833289098
90210593916682182761527491502928821005578731409, 324578897585537022703261956696710657166859531905
380504517612681146408122774798636916837684937159, 576578163222608483156621533391811849829079829495
21258225254197479954260603515821724740443545019, 443656034775021180725569198862012756138118155587
349474584842372696923078729360544298320723383986, 674564738763504075657372405684666808958087530303
303589644158219060560103532064283725938647092556, 587137440546193517235007344721602045341130130622
586110332856794154048581975325982069673490663256, 289932920077250648405009439504799933278361422768
428051628343124990869349749383475248166218114128, 450514284434296397905181918355480421842178699897
462185698907281489452923189182805383296192913216, 82680095514026598815496186214808597352124978618
403361396702857379920823966312300302838732166259, 273325647369486353391232395617690499366820250909
372724137916414203063081130787972981216520105186, 218814346523553083370508456482494529664972144104
9058993019860769814439813135598300641405466196, 532734951085683880465659077380232018946351592039
516760979399950478220205593648815849141373790455, 510509217512651414751265124020364304306712950995
318609752940391791755855593543155326825201840139, 464240437408312836714783052819462299404861531349
582633012214126328491115516276677000867169097700, 488674756015315607182842784987135488039889180342
518069159713095028996870293716844001702819221515, 390948936561443660507025029020349444388788924991
47476393894849878697405352951573121416204385791, 597016656355389119095361234635793867193954113674
141865069836182723046030269956658726236115095109, 416266590293427221676781826143069038394655818155
679984218667253994578158322012368105100989579722, 562832996264696480959386495256593501388330093242
690719085226233713328798296870757268493452385981, 607716870372638724220177807210896795353839144005
454865148369378362477270512901788535340241836061, 526809451512704957791240304545065902240838657125
269479764543193569240303900759037310755990517598, 304036770097081765770512029101814324091047251343
573672827694558680763690882283210008283811183729, 710060892637681333079570191804380536738936128397
162333145184871233051350705784502189055118598736, 410958989755652526870021104333235240115029775589
126376949599120267503033637296794107865225855709, 178464148928090422799257775149063043729108918779
622177647654316641956077534730834442249174331759, 624407847347507685460752617746529083825048671860
11546490466064235158474791061900018956538306333, 133478190521969565121232269733861539032991319061
437688191988086281311512032593094290291920977790, 650042877828816540377354790175628047391249999701
575488476154728247878249203073465532825857707106, 163642607157857587161126782481943086472338248738
419590582304248750329514589131919871520087016293, 178501955648440479378116364767551351228860278055
691012907438149745121096821790034254175676994138, 258458050820557614204606764664074835881690103517
694094228723927295459636642800183522985333441537, 209797416161451544250356937436609678247160139997
528237595665005358392983371511882031709273867687, 681333887978346925453988231738879475666680118829
162303410194232753231909170368643901373144163064, 479985574195493772530099143202657812932674490549
364384439737083481064200136791646215124813498650, 532312782908108279557969315037564266369319225377
526826566948691045494857088997557580332991051637, 422164331739644659467450013053803546276155219802
354435923992879650758417980837875868242678394066, 97146906342803075584962589621618603720267669027
195118233593397254020426335788463199442517326644, 80065513401783499859928951195145100379352475342
85504529376309371298669011842678543870288581449, 218632813469284193859986401144919314808094007346
627137982655607433968108718830404904709661707084, 257394910388865248926684075748455769897506557258
680941274274358687532224768403788090914333193078, 254958052954419300377019392402384784919369648947
409468273378734523841989269347352335009392891238, 629346334620436755260083849608838655564619039960
635557533199887915239026642804530320409937692585, 639528021243875065139092494615611912654665326876
104097350522614384818074591789830105222554728737, 219635484474099136173619641037718159366595283117
51278234134952830336887806937652637183532717957, 582228582301536508548767993136670219882417949542
475773826787320964989464286967488645348464194422, 360174350048117495415551441037684197589793622695
261402073605360741533561170417570266997913260815, 502908780972487994099034547572345143888797468532
68554812767784180940155321242809935607806302985, 738468027408091287411964410483116427420386171005
527671190211059298371405214740406072489502752100, 12308981423133271302017420618208982491292057497
545825703606830469468870947528218399655107848925, 517007126503233722723648092152376296002438554267
78853057672525373559293246277445804124327440181, 21506047653493413060337773107346839096271756953
480873389454628175737313327896511804213620676141, 40090319953939671464607099027696056137968248631
46314563174282438926996990943980609267644101673, 565850721400248346282797415168530726864567008980
264628607952332306277472796260735005985802624533, 47506066043138101965099530787829259206185407172
331161520887554995552718225032886677894095924569, 167331247583601395793842567301416897956831673996
385729308097337958964411382446282037225249297551, 337810528128934376963365508902225434225234331011
461021322040725705020696100727386334228235142575, 26912434896264189360086425214004098581904377237
161363995091143556458372079217032641861179540887, 380785277432313926324509644070028042652973174644
673638521289131143864789934635901737244937476178, 395032160975951482405023587574184798869671517326
604451083893437716564215687954461711687713347512, 707404609698055510476374440568875157435321851314
335340162661915007872324473812734187056293409826, 255581298729175211090636275650716249135443235019
275174132944923404446682080849371428786977399111, 420778244649950128414350078499095184590645066918
9150268478612877092944683656544798211818013724, 228399742750881860563729771808577252606335334813
49337621716951753726279164036223661062688139627, 575893406012281609377859915845347735013992582648
576773906043834774755450229347572438207816994795, 333006890428944405757182338451294201344933710215
465612817650214350388860668128020960300138943348, 410759586204146174047939838038885804146837143441
80604037208124266124337005691830992456939774473, 655469096075171643301201951087632229676249434317
145950707668348129490436289900091072522444898922, 488763443091730552950837246891558227768798174533
234343835902163573623652996599652054588308128681, 331479960936335655299139697618101314749793584042
735883285729462408261013774223802299892978764022, 659088549000285622480458424858567541880535708369
556159286797224797180060880778213525398230391204, 5251012257071641163942231141993566061652159225
695938351934274746288014668235624246792817013246, 155319183980385275309223773964432348262416779280
188063523248167835012381496142925942672071880458, 187132227294812937727338514908122759767609930767
188734945959445556420876729851154341822751694125, 91006591026061605716363472335680038577947983631
723865314900619628542488933924899834885359200057, 418487592136317903083351296592033398613133918114
284659514615118696905416473572688568906510462081, 561267581396705808451476795024053103504835515255
178016207292727556393490518933558747222429162625, 677251662312114429578540272246175659947345493092
583895210933608270128119889514398645040277390255, 95160983333784768487470498557458146826394178736
215647766766921119590651067353782946221100150757, 462771589596494614585572181146069821227799107031
66107420230698916933239333743438412201433045301, 33158767197221066061127054914983148265514951617
483073153075677811846488640713136092532010959343, 320474851350168474239881218339642714993207652381
36567402169535209335687776790069971913168271453, 107203146597761955159980680565221927146382872508
604069844957884493836203816667461443537897761008, 691438921156469406398041627078146853884244398560
407447238759127760261329902786410263711226948958, 499436724716645975067346762870746791838639348527
87712869805824765575861944339049238989783661184, 596898315389657923136346788421299795789169468408
643178148449134330488073011597433566817767029133, 518782936337532129689065024577586566437193395876
458298310997452558820084565473459328943501445978, 508883229589150458944337996129912603700133643776
74932284848924611306196490094875279409910714917, 469092064833965803582426513516584297623619485968
655795695550737480992340721590595832764346793410, 700777691721367289162913729460919395901190555983
695677508754482381552735512505076113858097999534, 186679102958262835134063261588799566197547339316
12919888698264616197092081127782339069886724291, 596132592650203414515814850224515394929778899616
703132718925215494668405195921802275660312365337, 104119295566727447111903377912151049948118446150
247020316782347805145248982381237447633824838924, 292267984177140355903066817026474916221772164338
174937174652565179453845894592017237003191830876, 713520038888045574837734795445993066977665131145
733925823399265975877102066412087468653101433562, 3106558780725416232119179091639322892884948571
414371804434606248972254597301980133783497894318, 587433761845970024464537317521210601991626192268
153693430098269091887104816609230261062131913952, 90148108933495239853115454397051138772695600647
669117771417472525300683139603094937511021308040, 390225606090545474173351369099969278671124812919
333956284400611955705927354157122895899600320706, 397182141410173723242742342904614444010087028933
88483452109984444639969184132125094575284545286, 643657472635019591398090696937829338898492763990
19951025378486058972160078425246735296698301038, 504363756489649399096205953577613849296728021809
584032687703068904167441447125750840044178312448, 99434439980665738404097527613011188848702756439
268222548305329931120284464546722191931032093908, 172485620622148608563650079769026085483659867440
393128093563069869759773028718397647921913798438, 187109326032916796344079325092094911349343510783
404287566351717720041714596779739664733136895374, 706543700609089715202191008194708133003303819772
460242764119576708942207904534944698102881844474, 714751028685624623704458244100319031706548932995
202399248745814042053198205163554937016596406014, 386785316565431952384718993645577658475164720384
547778191465763308179281594868358680050637387477, 594222575409330544658075360694741426367468764977
50703673295129813936335540842547639770040705335, 310089686191179278872354675211923985880774489788
469198277090558111004646881971739151203223507723, 510493016048335184840680512382336255995416159118
374709109739606528795432258979395434986195770085, 68918661604949502289034540985225951094128345447
652006878096169668605912650230508642898280090417, 385168779169050863913622948165236211063332787119
185432480081733829708594996517372069528973046348, 436216970924333387360195459247797257105513391014
330905730781808134304975438196243288674120122753, 228466025941700414959037595647303046967076118282
578020937130608246361697317596370975500005288902, 310718577754936607467202761225384289022477699749
577125579112125287482635833440807124219189672801, 454730091144294911527897891752824526069625958806
394044342391566818631653864223654720136204574427, 30498246356747116498862699338929552641261375182
298900956147965380247608124586942196433062297869, 406888607171664404612450932740935045335457829193
475753204366723231841887855955063967799514172851, 245771673409775555354289468178656931730458893072
90140573726446728783975713781662906059283655677, 533019385918111773189841100100008194017725793905
470286832569568036907979386822378236796883979467, 346299281930125797564541473211956943162034361093
287995096929945797235514732948810600998649828808, 375703601241358497453999765756095003628837832698
103793286056320633574760565361041769992671497663, 420949079904991023655744164853551049746524829923
43804878151848630811373354259705254317665121951, 352657487252493136597494761616672251511662593161
602997731875929116669247033141218414646303782640, 228331925243690967203610355187776686021491469926
403244120603672233052105463174302885412551924079, 162362217815075740273295179069657670850371853285
631348079880466674917603704619699060182417966822, 660248733560627530118997305893732148230635228880
326130941441723599707942968857123896327942267718, 380537618042698069221024660410335814664921163881
607979189957364811436967033979229321515620558317, 439713951373011043136255553659413334001864180066
587941895814547221325126493127087594611625736574, 621166258015115051824474284720297587679299180930
231995875788035429760100613617228163420026092451, 317487539651449572498508903942426493259635660487
195342046214122040188864132419349879550639267505, 469521018354213887616563798422564687821848286901
429488766155968367209542980695643729608819328232, 684179424039757048941935722608225720244648846965
214456763733589189169001795727065156074747103333, 443091633638536516314250759760146259516713044389
513325779183749504120413356967460645946646200823, 579073127882835175184714497462370771357531154117
128888521791808398029199175223523166282854561678, 85467762274790630335994916504261100467848538846
346991641878988018923114303580558323394267312358, 83087141392668297276708692085293869407583159585
380880769761763876396397478144569866380789309055, 476484172469726877856195359777206003813208125342
694920112831838507238857808854319391047701588245, 729734570622036707678691404181228799802705726978
21454954938871799974577285652122799211702762072, 258308050218976925682802855507636563295234734151
519201023117608493198414333365110143718265209724, 139264543744199597083515179019289343137049874790
414784994639984778500751094449090270229873130362, 34335233476112252298448434098285962029073315480
84959714748118178308858677790210050131317971271, 413420994745753606616235306880259807178892677038
201785341864770051835992859250693978741790893345, 239886960420478452554538237343810353361650063714
361320617640865296980846937294216067456527081705, 450559913226669570310746120064216615388210318971
570873370269310131011360372543517678733439756626, 594287573070214597273348374748571225602547721781
118735063348145869187984188501834496086690580751, 144052765364798915297789415254326205386168691949
626359710770372998478623039520604539856104358976, 36779525110497004826538192744944814111021758394
545157582398676445425666686530495954937559377128, 141885932640395188557862729934810383770959670717
576521372547852543037776710816857242104734394187, 262280917053829878930796904576030827531631768035
275717451625844627368577544893617471087447780268, 690897126315201389888610619985044607502860954799
345061742703318036333168419408251770865471154166, 660707441569212296981675472886726587589316088631
143192905473660194978851731409414208747763477457, 349471252208421456637051283210903336218017104214
426415183706638136155020577193225589362857792153, 354027375187637083198142428229874645973313318341
367269402292954437191875896218883710415420642485, 206821072905976901399930940798664278731902901711
567394293145620204237545252518765408346598880407, 167132963905676950822873572064269539843250823840
553677643766069522248110977228703339985336576425, 247411740315610289300479810497484920417643461765
558227347521721655301449695844163139992992067464, 354021859137288813524299171022728527258167948551
183242034151147327318611010526002777488487003690, 14765379452895798674929133252141704707688077391
487031699045505821746097891143511552501561281155, 477066222118022285109053714398368077000714447455
538778016797604018679292884025498428373676340918, 321293546327764824070702451543602528075598013677
323198197579500278078488310707235116958784959813, 482295429024440556408408883889755665364662319596
200343241997639199875649408298696736220324020380, 73050465402362712178244396883811318361800779764
54647170486824013863186001531116782766498377207, 323307345095880902949925557809822237558571118040
446622286175928553461320931048413596883716218882, 729660206449835477812237317633632618414627080954
114031132263800131164656588928580308654196085055, 143424086814588547845606097196721215415742792094
168728647314874272696293475643039086739510585468, 588846697351506984613623912427106867261928500562
586400415952138100564694973601869223278811914826, 247695951598163875905852644120604753741961234546
49300839976853508184811361351608784178958928427, 725939279936811217740661648053865510565459136999
564716022080673602943440751653321077999655346953, 496456341430890165291263156958040547470424248279
213461552962847046241893686933857920191259891690, 100770371740715909602017178043393449094113001394
715392650589870848197049931412588655399019227652, 95056761529264770224771914070598618679572285279
496654231751182033969816656717148230082746563103, 625288819609820691295510504679946528816523462038
582070646986745270353122628336699207800005320773, 540269995151300625394051831461596590465327865455
29042363017799798820079835026900885333762573420, 530375095826069411070576184128704398235315496116
431073515289042040160316579500551632352553395460, 298572960897818081853216960583130322507381059906
204005932486852776712945801060984161492130208926, 1365947582632162942072574338399255436545651023
615921570655906267040720282408504618398022077871, 671277830357509372728777268489129209566959100752
389660800562036157175540200203240811206572172353, 567660279365495350551782824436248237049163487220
30199212302883986333901465149345804973906018608, 439324160660481012940533609941197366086810530676
728955614052809349293863840955882257631815828663, 566916354273447349205247052019329504127396191263
151315215645714131154393041074235299649978873620, 387569424422096078674493053317161610586882088059
597039021156473564215135085811928573687038833642, 436508337282919789639132920487572712590441857247
33402808150418547122416297736619274158262627774, 412247398909212639842580181988140734555647740302
226562135940175587385842393076710563023260006768, 128694699856073219256424093982066941265255678009
534134849877030662871531147755226755127986285585, 473595835197807611707403237004860878676676592528
330890143989456691398499223873675237424631797580, 449627904353544687414511078516481640392112599509
215753889481782125290764563555269915024268267781, 274423214008752778598041728476015582731277632077
514340833801738146597635005996134513228789304663, 229451949104078699327715902607945419886884226704
73929206864358437569159464405023096942948685047, 175441337078213007482032019388378490912221513594
284049990804652928037745641931619621035732105044, 290815193729717022898849703592353609284903890653
326863642574399147055055323578227313652474256877, 179801836882231503764328142926497810832480459980
670334496106704907800637773279602612684894517969, 609171214002896945960088165336860089248725320801
651093905328293561372032856724214801280390774497, 94948661667918827275847894923817707474644829465
42049677449865721076435626461668561698948537709, 339553371242502703613823810454137505705138817571
243556360586757916419684677841875396231103175064, 237477723002109521352865870475465938704033266025
188385500943691490950438599290100704240436917314, 287919680431244349639294178838509069644368949707
401952962571733868150919296726846671705324332795, 199558757155711998610862178688160727853751218228
381079260304066861718430982490453340459493019221, 212415048688373408311774175177033120760459314332
607827885815459063929688515708094301296905791646, 66734680530085551367889351624630509712949796854
688333170333272760383241971276009632324252123618, 160777751838972753446893615385808104226246880633
68590249112562518751207183527779737977344193254, 696253181148242706198841984637223428129972987483
233273817956508750470239570999980843583928809933, 106174690900397880627641605915466683870687558664
695887424722181702596298844149384687695200208781, 117516810015285644789904866257704916540304662571
125194440514863358819542516670686767229288604210, 263093649590399027977191990765226401715585065389
288333249889911446359181023262050616893116898036, 657025998212158959623573909713022402614346992059
56655348436493328047554126754681639426081010368, 450398182850133859171422424540789945703870964471
333208259145957868798947921358577447057741932818, 133789368325779269685415084165556798085250187331
110431193661740568540584177078361267406686183494, 180899805187433133773347314270697769053351146522
399256528267294676092336929243294514977664130144, 92890891458793783490317493894037236155867650088
381443439961532610896801983601882298962892867804, 514244063151330631332387037021215288116591299816
411001837417247205896043519932860397590441927843, 640902770593613614326243071009259504088598102772
355309211947793616072872262856937716962111996143, 671564888369458894549208316816104580184152059535
384254203024033949035503068422047927056862835296, 473840040154319842789894368713936551196627938536
530838123208298554640140098508398551736357625553, 369939801907804298324697077341137053939716666955
578537454084063724044630328258270464923719294752, 690292839605520901600260372146152642920203789375
57092706252294888333135987024799343895463440241, 733426889248927316795957267253604130803517829155
116035676921522262968690083791472412427797222717, 360061983959067528404156190118556647603636179135
704333544390032475287310926276880543026271444045, 601740321755129162163780716999859942346027969326
489952036187886718947674259638465309213544719405, 278303907977651646545754668620763381820232408938
635512707888013480302237044016435768261994201454, 407187411174929284777967371105422506787730562584
224489161963482877713151115252031798349966224753, 389711638915184952269857856929196649723057367592
307504756503358317939936044550103753879595430926, 232344790455965770838928284100685455417038377217
644147974734384162395763858377357929068236972551, 225907595150343254966099792478789277883421130887
301918992570288035913139216143892127841213886467, 123113144331503439597875309547383966450641153982
673937200496115299489126506095278475791698557944, 151724281135810070454791960461555658330228526660
300416571963850810047355247287641744942108950817, 503453560443759648960634138412694042833933503852
427095375949160654792225554143680269795292543833, 352187185319692906725097488816571436744454092033
96506342340474905868936440121339999837997365677, 450275521717300805836219345747475613775002616737
710117437126069882767563183280647461613898608306, 148880177969619504428907287618857919157891901133
129922419518637326099255314365532738696827829006, 518718855161319566529805336566167034283075422653
696117112475228461431712089870610944393808509381, 307393527193403268640996452604310381934437146044
688209351895652257449480640759123303509954495926, 146684434589518088789141548375093634810026821002
457373826525827050125762535121425879798745243286, 4533875963165863463612881141405537365470561543
156501486627901224431474853195272323808867988910, 521819762818587218616442593221751033147156707312
216267596147505940350559017480322287774256059704, 639505258722604606504241073503118004949086635856
364090930774830433953957168879639394413665647372, 553735720914049454326706467207046726636474129244
276481554054416516616174125044394585027667694524, 206743396842232465069654813232075121794654472062
374540110950924105792526845235416523088251904195, 130738595903620495140707610801417297898066120674
735144264184169104144909847988965548826099702955, 171404582251104823728963203851743236112235261061
268453664843104573256720609895807352103992662657, 165118714533994807198194076601829279092287386994
650020265727825689842565234581960517202903064744, 558899489241992886806225248377995286281655725240
405884000911329245573521522253602124060557650464, 57876967462986481967101837915860636170254390998
59683156140892074363630052938039956699806708617, 70188047891491383423775071141450037845375918193
515522239121345933240905377851038023987740212734, 309818401121609644442163737017725289307843234201
32058814004827476821391847051773304269532849467, 54241186982882431962083897810242344138183654661
243812610177342414430254579002396661011975746486, 658499122202481596569460046835900355801126193791
431789799154608689446218805287825318439180504611, 21866753958226949132953442388348025969805318057
614240332940919621485825431854277614434363378614, 625597649236157651579536666248163705847634861878
183284425094928919063126557882119443213605658537, 5211026227593482689790807388506462189654191511
597269886261864583237457711513346057955228539597, 700705842815665139097327421637700401663026137652
141017375311697233186063694816336233235842686368, 496471883703059877701710882237637518097963320734
694939376539000891157943412925110603329431066760, 411272814447394004191706390634257062680661125020
420040081912533318132578691304172115505245811946, 370635171383173993076554159108856153306815384988
232588637970889653772958247955936926782240538331, 392613263551908431918331737870692903218751404092
589532138225548863540402918585678484873335733154, 560368019767493325225715680262665417772240083681
291837055448753176679881374860698275869096954211, 708282905891457634768189677454515142208169079581
452969604613812295311881860905367995326277445523, 122063131793879975885819004849393645629887468318
316198612468004925356899525768007199810746806096, 145292722874472264532328263104403660734072103324
644996466970291835002455552186264061184609825046, 692595511879257010436409501380265496271674349753
510137237503264556338335672532388931308673012710, 357851848313479306150780898647329537853322122490
602080908823607597488771983919150633335222800339, 446526451312953079680438895310579844887785520761
674276173198151025547109258999594724797101934127, 494006488960448562676254427071309041389083233650
512233449218327190772278484066273982364158918967, 688807379430146956693302631356163777517769456550
238581443057958224402141622680783751556707208609, 725599988762793373459042352999222094553797823770
659371995769844749149728331107016092559695289688, 521932772709003188942523720844877969481511705736
599951861423001672770107550609883143851402394706, 700248007164931149310145430087134390010837362861
706425635309496628921804397632334063252216576983, 349643544919083485642603476993709710155690944072
532661375243451112606598629842291110639972551806, 60359902937614153786436258556422517450018593956
264048499503130942351506880425263493001764660897, 17733119762389543712507723473793059961355629010
347441037823669896713708988481017043230413600201, 35144890597550700385658847785390240786310083153
612492116486679228896384527936250617184050607541, 55012250638484910518872640340444615888228762878
650488578575654746756748003843660809922706887120, 705901431030307171197803055567881534890809712257
158480557099451861838604141574961826799501454027, 361682327165329560270012844757932502247955471005
419824840395507367526685473669136462640339781810, 565406198585408848727969676062110042833076321836
646783712423664554966624551961591689369886761383, 718929223512759214406076372933892282057791156151
582543499348167841369437254901974205364674731059, 235812381474280450045584962761461542138536414697
33747505303000891909462923390475235108849232555, 220524952961718444869890263349490790281945803007
511334066248239389045085847320043598281885518621, 319498552412562465146181703789488081386097076488
576097224019502612563530162558985283623781920189, 448659094930566650094015599925218284509438782836
729824682956467936297524775004905757918551472841, 703936560781577134289241146436583369860484478440
602922567603595141969540101851717938886086627103, 528823180900527553924375608905677784862488724667
596742419579846519783505713197587808695115092426, 502185421224091384947788257810014191532030785938
337541024994469629575979098093899541790636015870, 625130828934513441458273493831322723941646467941
604301301372813493097542423119734110341120738952, 9721218362238278638085776718397259907011159242
405898948113011570975363400316666405164808607077, 224491339273118148954250342409103856155569712458
100712093229331439237474336505104022664550359139, 398829341211560493713924646616968235932525014724
723576334766597266102905973247590071154898708469, 93884399465257610268991674312758958984368058386
249325173193347696503880510679729130969636335945, 395946675445676980762517987258496111745610174404
684737729040218882647607069365369292163779017075, 56991045714412777177811349803472479490172204184
708002745525610148922555651020531337871830302080, 669685546495312392715268353919589497234591375058
390448929292142838302205620278676726449192691872, 611480723753554112212883711844508058063725844350
502381509622477757131555217160636337519602056793, 265463904927523770042603267131101213286635205040
214089263371179461194164832544452529911077916037, 624385936002315922701122293213323623198869233228
24007148478726232802607114102726717991368527304, 240898065076769154495726240746097745986567245773
548117402315554400368763902270486370503975080549, 570379178202008603387408443544358876903996843892
615908078961304827682281390587176699561313405739, 495390653076179863245846494328369599094982021707
243894912288116707209253511596439984283721480324, 722022052778133014319064770709785278043335961095
142417447554176947609128716636898628464361809087, 54263265762434013899314123279010899801020601626
4391013619886203181174060901919122036787209057, 267216967596738992401956005194062670314182423033
201581597535237872542576989432735215819674622015, 71578953569070495551516269424879674966988850081
436965404176178282855668030425928093518006405747, 651757903779723735825850856643081320507920328047
549622457165571141731386407892939964936753322971, 62729933692071200775150258561010781439226869530
100924599119803727318579739950920193094867879707, 206236844476788621471610664186085726402066831875
343589546522761326517410439988565826663831840011, 54229134049076650344522692507073534094107582476
579445761093351200881263810228648439943627216381, 372035897084508711898645719326965070166488434698
624074839706897850967291219293659676063423181653, 491568710043694984910006108018934873949425735828
42022370775551416836574789066198743409407224369, 654159686694617453911445403739245736991577940929
407907628769295075043986697459715838556964597103, 363880379103639015058254705891056619249642357344
594313673394171580835836331344563605237014497061, 650982956157993976459276086196666890208178276511
219244189051900434433834531359277748300932534533, 215340311486213650029336045436119392708231196632
304138400496482972166929655318956919433909125724, 263441526650138131683161576479463679099639080826
67992868696096110514456636543973422320009815255, 303677823377438553882727963261431232930323476002
216404860006247163633096095355625424743799496985, 261913921074944798156920825204876956019514983448
564555967649293421000467433655191971314064291420, 27093678196355206170627420795309638453297540097
153071972557897532580063631512884548824505424864, 3749525310302199029823453854194553722192981558
367753346159429107783556794590820202000160339929, 732330953825573117925874281614081022802431778127
454852247918735458091275787367110291867370884257, 312960284764020916609485206880484153692461725212
529054227411605293453928781840753696673581545816, 83388162139685139399984880942903291407819244056
152983428990052852794024824039364116225182329790, 121960261865205414715167769805136549407043929083
371050980395012088651085665672713461699696762475, 544374864538815225096496109036872025438504714792
81156124525748102963480398988524623185929427317, 65918602203275043169530964662774588720218391411
724243681491886071825261184175289446422662687902, 50913477456998647024138187961719615388386780080
700239083610538026962336852898098254111220461592, 27035110002574346719649166924988066807610256740
29442957673535884445230838907114814641333023591, 470568612135853969083629684831806226205940180758
180828608758348411321596782336229564642069645451, 54150460600440378939555454285232530238639273025
136599489556992195996484103196183783103345078606, 673614185270054147364724321562832534561672706836
15611518322684706753986926293721497224744118010, 189830377462044854700560615427379187909737646761
344883845049065026334380074411502028817464580046, 530040629167035581926986549959571612325605803559
659549514261683915093182319868185866847903794796, 525444274610528505423631650938249712978722274948
86970529374083279140613905229869669700586559956, 317986936315976573336266538480828979408104971446
394647056568804954845021143189982135978296720581, 224856619838673232936794860704740687474829015387
576199559748096257215214129943509975342099804418, 56416458262779079986668084585001785483599716308
270567249142055678909345469699474109991279473385, 273576954365703200888325730019441991478574278584
290393425817058455937327114508084078708560028911, 658364017410771355276170453982653226105707486965
389330254334514888355646449218191405831367947879, 220695397030738450407361311788062050341915693543
672669098349884164444981945970403143774357022963, 222343452955493288757519007279285297505863070998
549533790527909242312586682434898198077533308491, 83461421066398470476747367875392409205639770184
336972441691334967167921817388691925184357454951, 359699757984943417854776507957474434417985446572
359730151692447198919467271411541234760651521258, 5356873519236859377286082984568507428946654811
155232021687259455068556387087793558571813033169, 13042089699309051016024303768229170441545054390
442218233314233384392708225702574317208030490709, 85213303757166042173941235431872572327888906577
70577905986915108743019068317964212332201817338, 342032469354156197599571387898356513854784288444
483966909926346585728218162132767776164819451480, 9439209038845126608053806455639971163641230968
53454103967442992167719066964407019908720948823, 618714957921679983400748307129136413079449531450
92167285829402502373675569498609413297755949343, 193419224386631684361293687834690467930454279218
428292892232039893822803756981501840073260276196, 85599342124307021551428179172773994510606424097
435724389053422088371222596179148827685290679194, 158080232486516527350462706528092526115186828111
618578373179828307172707817482668954357657286489, 491583885118546374878481692162649384607589208188
371523909632365159388145566120432408823954838964, 424435002919782377190011568235513993909109332065
571908105838702321736043584066679695321186809300, 690811044195735359295576597928282786571340877165
78367571266884599170998617247689663256179072601, 515832954470229748839035742102328505127575927480
49163959803919091263626426639524270400442565355, 78061445655166306691946464200098804758025537492
412854973728754891908132760705068935051970930814, 362641011485435513574716578300390955640087521780
276566612112727404728778018079880190752143771704, 578059661157542343303163723685608517555439735799
410487721075044947935842829762710865648784138356, 431527272183870304745226773344103236453934468723
39786012820416144396718345527699452501081885947, 225709758339113922312255522058679965492826617744
549094061149997174618746331139394062742310498368, 655554929286272428290483490476200498369610129993
633965988880869110809732965715058612923085448769, 618490994292244908343412355219948392577692716205
623198042147557319993426710586077066475686147713, 313155863207234353156673659327457388283623243551
43921228216506592502930687332579189200737797062, 706824541749404041943789470348539578029302956383
147753334144040378434775389448570882717111756646, 31059270329170923019963089779362048238956918475
127300226715782201432136012069836121213862307286, 548699426622058948057272138449233946601902117967
371556783459348138335078912414799368750326314951, 216285307782639056914943146508520816965141962815
114909777870336922532741206451061204748033420932, 549518547103883538535529653403445291456774218063
739716566351584521876935196523341862441031970196, 595539289391724418873828478958030018363575842686
101808277478742694561191320668544436635122321899, 240135981133850835980555357169208743651669809147
28719681067881053922856264930500470990914742745, 168334056616844309930569037933206882818629280648
562240531336300721288075164828617923911250005759, 171062479529273436524100222460103278475819128784
102403050199839847453548797318989162783887145544, 728258627242508616114400729988929785688894120262
411856611970991170717794086332780636206538977985, 580470260756570541687548738266349086265118472697
281430954105233072526203777691798921644465747038, 339723296121726753593861332238253234409406939407
391093372128152296005639631575981372901089166955, 225736600984690237658185616914591696727244224964
573692134649370878851254145247425005511371740617, 296470377275490709776701830725595363889410590435
275955684937085329829753549999360238646516140010, 402620469029765813382183058228547794707174515347
566065000237774201547700210192473921429492284885, 257221195909262428704619989114307859032175524900
245441670662011950213639159670449149517392785271, 580380572144522816065786641612678477355235822445
214963822179511532890737968199647044831136290129, 61817433733139003121229324958616607203573213836
209663348330471098710068348466549907370200657826, 571544418541929914050830285484814382164720754538
548217313405370880483110602495822197078788734319, 218742532330934965195320539462796712564825740668
335571137928669597343994015911643423119789356535, 718996295059499916402130595090008447895019947928
250394572237598958061650317021123175282922731989, 600796689404520218990545712057279077915064452763
590988661025556636530002536168744934451368809817, 480727201099910605058206510625974424069280597281
327646104797337246109995094830336210031319680390, 593430506209573379995052114791223479249350561919
665817122950633343909268079490897492871899292108, 388783218181253329820698570595917404731002545259
76736553214731995210050707746408673619499814186, 50133564080369956102207770640929394216975374690
65027519893272214343517109688892355494003121348, 451095425894672023696874649004258376327920897913
583640011383623208468959311473009657189329604412, 475788467924280666929591012418487046901639314826
628171747196331329358013640271648353809387953864, 472249762690412433979691422131845908250796536630
521665858232477599100721646163664416298713932291, 14043926518616886096938845413594666232777279472
449542209667621341900328101489453362700203025216, 688152694532366956465694602660039691595166510683
606904452071480924309189070751771305047661446973, 248768688434464721211032039629960741086152177924
294377140974917908626136482270470648977097179036, 552764132476797052612669407519759106833699807294
576558074484921612904163685651244168854907685551, 320925253983471106121059343493295673324516341859
134970166026452074663948803085545982268257015799, 125889611004752159124218241169051704432945681660
636084642241323342484336784735552813906268784203, 560179931842288646833296063406832956162907287174
268123081927505014056873272765776318014572576020, 473797414240050455379007866429792580429049522957
682084731180390901556110762908116480348968296012, 174804712840313137258103444562280378554601628836
536589278855465968319560205838243937871786055209, 324588266660059215898678075667071114305408471938
89760502642681781175878152758861780534871859822, 576338606496509203643020799406912648977990840188
648925176318919041576682210960065982438492832819, 450509145785668737869868056467164300594989485529
688106784499643062341742592500749710912631649789, 608463932016207479584450026099185289150926226092
165476020433309814019047069190347027824728283605, 215838458448790728471836357081977881603414284959
56350320699827937487171878003707666591276359631, 296790327963726740527995139459905890057014117288
392414968650858712971522453136031916717285538360, 161598073603440848144996637423987436139964069065
138552106492510499755839366608117851895258655867, 534318256558407835951850380221981156523591432288
365446509745415527962387998311714474269354995156, 456878583471706114284221790102146247777265015169
563138964193885563484226922385320406812965033692, 514216916325668347827476650319937110897684855823
47257130553270621487627611932622356610303582880, 675260121034394071094592224277443521496534661
647896496447179759569683315630629657853535571245, 585171075424483050996430614534097888334481753245
361198763442474828784211503096083856465429421703, 56102337427398088544084892770625757860927666988
335806333773135151424787694998015217672425660215, 641099245491591224645209824805475735740206821321
366262337393733924004304687824279677983400325463, 698225627684958676990230966506661349923075259963
94027206716922379472380404366854479298863511050, 463291382501628618440246729200314339074024521110
120617652795059699489186703795984335560219911961, 269602338671331840059376445642323772893661773961
27925310577818278280118269455478945497923791496, 538273593031452586797477649531861240557208506885
629248079438763419396798057150384818221780527273, 226688646305190616930593980877227262706679088460
325579602608685406721778658914083335969245534329, 27294978219045648819417633135956754860325295338
393584248021748504493672760909894370792217106793, 23590688298329652481728009419230319153785281766
651796477417591318217551464040792161859220488475, 144931897752871241534195527073576849510466056493
640176213577641074415342048715358599586467294338, 527784298887455504955121812865384509611844412407
304731295522127825655283828215877814251479973906, 414879546144135519649706820871454667634531379816
448574727643499824215922177934254594398728290898, 682416454875116825434375226485483578441332171945
267451267588849120893094522394899855647635635021, 453097740109279026782671811693002978760729451147
267071706093263086493238365442174117614692224773, 457340485075594266087966253032739465369018511727
120907244015826797792863357390677146940691486988, 444373589960375730502123153742514739504143724534
272241031831269786412197928820436098570832728879, 584457476405603913957188500694721681253608207601
84370075431765639594330451499829528955707865444, 141150797018981418282797532269407395871697314873
228318253118560477392821308025949292221445779982, 85069575381186118366869118211521906904717927715
366950104866019996839316262132474379072723658158, 323520613776548594861208892049800479256573383679
406266215052775713874717078091069651533824453484, 398003856849060937277890049084404459682204218314
26864875466710865901316198801163939960126845412, 225010244737805941889113436571153784201954383204
480431273210842062890396567738715834993495973883, 418518172801341404239389798268333350179609796515
697725279539771340236722411209429938282407897770, 389935890469168461488972639298986876129117610727
715170230214125934584213161831567233871586739462, 702154679884330699868820310275750640154690354365
159861682550810505612012551586224648418741232879, 319302080957042139837567269207220605356310293800
659655034474077361342140994800313514045879119610, 113302854419155756460865115868330033721589369552
614874033489144548793008846004787585642057867886, 57562058922855637183838198503203346094943122983
478362231624240327227410259237885701570440132490, 263635715836820912818578013835145258554935088590
694633205057841836947700564302125700124158519579, 285982815349491650293593785151847931817990646978
617324903240909439643362503741182558798838863697, 618257342683924212925893808075957168702987525991
126012122121964183235441704209719943148855167703, 27527681139067928675700717230242546290063989674
212314612483545806937026242386458205933748584534, 287764655847880959756948584666186667973102107178
209681069675405960205514410251591203926215789383, 372662600150842226953922840569969706421183400968
16238800713395893586474652332936196227166461391, 366677571040110310618329004996598705275134964303
164846058982755769562394837735693083054086129253, 166329554570500383685289143325519169328124357225
184415899300199570214384525177641963311500937599, 154836106074743099925303392949912913261324476669
669258173071788671521893768028159769808059363261, 378463542562038260725526931946247279358470123318
93427311462705214325426924033904374222681743157, 638120550095545232223831259132392602515289581990
627036056696136033073107383877719035316700689286, 257940037346306441767956531821880000192771173138
5519547783400880239332886082834683908713060138, 63987578912693533345178623793878220295632065434
238939650596691150988248206874485741810049662190, 136081035498463735211926360545823735419541952969
717309251687345824309818670337234975809289446168, 210906613398092051072410518875325641031718301604
601642664639325466067044841130129328546243376882, 695746283711223335612551269729909512775271875203
206689976383329472713540560688801892921661809728, 697231198690675435168385286455318676063697491325
640847423699866198474726360922625383772834216001, 483140537816355489516043839202924237931079323843
504189055811590605137286372315719582288403633832, 700295361120693919356061078440870736588892477516
376513328906716124101610454205515158738519071737, 149714923001404135734300995249555625849309395434
86868520618982389383284024262509688725318567504, 644827451383502712522796285810700734493882670649
558584810894723768228949958799836453898187724866, 284477589678739253996544720315677297904937053923
739664056064468701525652184223996250518196889872, 416862728852223649861701356727627330335385394575
679586445919672592088774388899027027141113517419, 684263635529356265227548296159204777442292652807
648658472795150049075919297679023864926991201461, 502537988198087967921868284776304104506113824294
678702589143702519765580951134083713383447238142, 276303367121557241949814955777414023528402840628
167361561657069935916251668653203398740030236045, 412450561152280646905746190664571820007328460245
494587100454561032558787059048467987461950195127, 432892156325507512593558847614576857970070939362
90742092394102199407952012972164249541534904916, 160012485026332937948020425667656382265089173128
334082668509860076491008335001550950592731292429, 528277654350357568909504337831801163084135912148
189127463574561335944296123691092804411719030963, 365940936471088588921468756004410589446368818124
464228025086086860789375540930718651668658938015, 111488986067805219553892199391512283160578897881
118397806271475203915503121703010073790289125800, 517422263655258196976780411446597350538135479342
596186701827517882774913216011892296743841086372, 200388490133652612298055659740434493125470559756
241542064519919293780047531407400330749461996036, 621070934407903111854491781902861180710097938893
339386707627364326207780684199537561230435616323, 680069070735763754924306336470518718016640813472
526106742599338580075420252282786261896944254543, 596199171846307425722923849256888711956045215975
731324326620101938429137947066894102227240021246, 298610120630664434911078971763796928527665123288
195353426356651125497242042591643500655356905012, 650193366786713482341049817037277367453420969903
469367811772579192115361620686634100376515164978, 779724585072215219734527916220487326546533785
124373068878453426878361031063846011292230499850, 423399803609830115185331909270451329557273616059
402586568528912078063122244445722561339116617806, 130498530033869696358313091431128308679712870022
504541478488753311787154351465888999880484914463, 654806740517765473019656340012074490311239719003
587463576464668505980614301488749984816573945310, 615338778728024761113790005102834356347982644921
366347505436940967983388814584221359814435012256, 441863723913122330142024233350861042318328684871
407830968407958471470379437543432651238445087332, 472374976100432700978108013535823664600985078963
48924196747697106075262030770024842310368248286, 341676610202761642351239561619917972630785107803
256746881938624499836749873014396015223355178604, 233399011901633931017457237073144051949483298455
198854585452600797534139961820881186730988849196, 361351861467182563768888777400514797786717107885
458860877105088861033338969163544091115651250969, 466287715290430828732895243896931999889728354917
508276086116343815289396412597145214181774162800, 418852623353286308403467382859027608629208558386
392459434292333400498045328113647552882197546168, 244455503241434925014696060097875828666134056037
547535533738678022556323273940902124889452193683, 89899383028024512887250530116129553247630616206
226882652749831573217515038038922127735579719884, 695831372446565038061061367968380900702403322207
711991562890260236300188933226387930548061183172, 285446354017210523711719751464455040106691931015
552035143256195351533427235228180315027285100432, 296118289437482254471066640813556964317147372445
457971534714818096860732450858131032511047470137, 400244198798696119818446145075755517641998498195
333229478030521125860143321361885473577626273840, 237198422990896630836448449742886284818520108890
32593607824773119346526543869171620028906527284, 111167703402165388070136846917909736335941542564
731976190603177012811699034582758811027592146868, 328493625565819749087636348728655178119756212126
197747137438462752998588640698129004687275353293, 473735525059481584719052989263630786661913772421
580721182544251659205949786096260991372846845992, 412475562898058987266644226980571506130356505385
563066683960690613164093435691858837303336853791, 510052058598543622819746447552056903720984846396
327197972805824664617894249991665645509623310246, 546842946031574574243876450791675652929084781398
663821655930493856475030087975786004769331655526, 208327987366891413091207684164787612557282823751
93606111673740718787853713265870033251454567969, 353961716187236187311529348835502023884358552282
435137466640586573371379831961061963496960955500, 685486820784980053215691432896212731519500823087
405132590934890117084359088445984192763346422466, 27422247957178068163434898991883749053661974268
522923156172249423349589913790496890243373459749, 222487312985155968461979849191507138467577618019
382960448735337885856239507250751404169502994527, 250958244131021061414650714684870931945522984059
169007513802480877638386382813145878205953302929, 333093300617744297665897103532103585463080389028
129182361546127412511870324496087185089131684354, 140292513137977201726951588474346367642289030060
455862474250543535357638432833683560606259131386, 463599683511462614894124531231370149461827492545
362158808628195391232032848871737524605976496109, 691141224235114997352028795198487570088331038748
642826954917117825740617520757629907723037212373, 686767126573690432552268037117843903228879251321
376959411757709264965155122888770939711752000449, 523684045530350202523010435485209639398261177455
50739360940936918975634166789061692325162978232, 103740772504960685370417376942367277872152460473
648627615007930316919301852013505262049192571519, 94423370783697410680055880878347327558838760013
499566754459654135324964948773390372589663822136, 93867877370224789477543768240157455298944402541
403628914312927377089417826630004936956309669613, 697671014334687941728770830168559761913354798052
383120977357780550241096071312531411387171699978, 621227819398481602393213261193889948689577848237
507367532880967092413163844809139993547193332205, 103312156499770034576221869827683733645536097296
1115680452029044077183320129508046890813228411, 711210015862201222393283236425518431442516963534
316167622126150985950853958040831983077333068514, 720372788126485616234933979864583190284491020321
528001152110489771435251980082384935626288814953, 702412015306498153981349724133536534871827659663
595122259988652899210007528291029470539698941332, 178191565331848417822488067847279311502995083065
112831910414098033316881765576345892278908509849, 433807988563750373250481930157143865534359376693
173977283570650304907550245198481022736388360545, 610766175775345389043892538321676223942192837342
19050902833836727640364559665670778225813884754, 513218210914611072808200646682622282676263385731
443482915487952766419969570612418210501484663207, 163141262048410137549517581191159183544154805451
354196582060661795975921633926472194532071021772, 698382762948941512771840873774875484708962149765
358359451399657826723679045380119507528092456955, 115863030822607760242271443243891131561584984797
383080618871233452723959968304426870518445879587, 620498425309789963364512862676385120019483305418
326696929581971368078130994725601891379205802850, 706739379913432847489865624648048238900377802240
39347362495413197532913701851616339157574849416, 544356536399427366603379810246142725079405205521
284056225976353589503135794054244560831611062226, 241864095421123702501523420231794180513857497501
694470562415635068934557567081562184672959438147, 298820671736678698720726688447305201504312985116
43719663750125052294704674029348514650829497171, 185815446276611864327547214794367374182370254599
571461297614141497963842505758129243322466207526, 513068287292544224333925525966011566812924658493
193601590982444758481279365115077837950197401196, 361731243214943578034799109873872822760572796519
516983377852723336659823656565290353294928173560, 418958000836889429069669783345515293580330094993
246884764902836340063920376184247396721519568747, 337641558572949561921807844787647041366317317853
134882645413738908579805795319012075545401157097, 237363057191889054713511124379844154520208510987
268157027286432934538701399950862279507427083829, 481550636483446488974417604433768748152688014627
89412424367325341962546832182494718169059318734, 106755933606937917727041567925619387519157876355
488386963847372597363008763831772592165913882326, 651930873864466925330629247327455078118840564002
460464988702642143195799671005131554465125168297, 72795853934103129576503000279979953564881362454
216475667806737115347160931720341125362114367702, 586306572568320360305030503055117107939584804481
103486941590977599954960723746509141928456600386, 107210786662627606332369256116247769252665068590
537734543959052884157514644068240688573922835106, 373779731761652631601493515025605303092789822126
135771957058634579069633275425189030574290908139, 443935523604746691019521895824437652599062622163
173741823585003853144983330828576328387400731438, 472850378695005467474065575632862856771190154187
160352576448012039007665601256094388464416503064, 263330215163281647688476975118818013841425995395
350242243710085710254841773028070532123704298560, 544736363697442081986430644552050279035218720941
498663912540437266183300743602347257967096895894, 277385752107609568460636921435791856251407171199
574535938029794623587027852922661450508513636703, 724247508852602089873658751237567274765477007364
16764429904008764804658648926803213805727213496, 563781830637930040343326346982482550704946239021
581407089210249200848228754775396396640797259343, 122135946841952041570044249531151732808706999935
507619736778371780193143815107867547869772437901, 138118475703845864683213201729863413367198493537
403375556385884001270927767181208756049028780348, 144663469898036652492063313421904222623623021198
566128690826139382013397179987755792158196257322, 421282016052525005586560281553746642324193335141
554909726240424828870680754199783240555062621029, 706478960791792471892278662760797727577965066727
219444684391471755888049173966044462999599039312, 360505716640449694305304919189805935029573762748
381222081883726053348606849697170652830513079319, 126220454606857774980992258821840039232515781114
299137798989437756148733508514644062054226791526, 49580966905602851854457227284411336322543413792
246739453066954060546065229949163877097746571625, 491005691714285268041581250356824019314249028392
494544576511737825232487645543693576388102778950, 423651805419497401906513553521941672939930790124
717797623969350137841560960471580198805996293329, 586163950733527581784348239058333112344377656042
639973840258278796146918333256806559138771326437, 303132467463302505989765678486824802727989459361
124038031819073299958033088491816894685635816182, 503883127285493291882713621984043026413155350579
5173754195088976193727899050040020205974959550, 554039724658270689164145120860884879422397331282
496171200338144005844501318449560775608417427212, 605797432362331143646763176903874200448882511470
569675496380481303776287888482069108045718414333, 463456366235115328195788656153739922179752062071
264657444241487447435439436289963215495229190816, 181472056828119677986540472769116778173571126451
629392406510498064564259276179859653701818811811, 378904501825880817440028239024541376141391296121
773513366388071107227621801774016584462107461, 511883186623846505802234967753181130010030612758
356021894143099685665607812081406172111753239800, 539986880166332137048413108541032418224839591613
216247322913925672203668819886721972508015860508, 142576295225932627272948517233388640965328309269
66714507676054572302787215626254811076966441317, 108242252008715254035176551077826663596237874363
151880802254114010993380145408008162006658992851, 257776425443897052677688108310619954020949173344
338886641697399265741495104349228505115351445084, 437582420603924644482748677825703937720635935730
676281268174927132065660865458404571633109979208, 251241963508713185403590888701918088896715878775
218758372422679468542239439766103758157615522349, 452001714501172232018586378038381815203603660546
242423397586101894674499989234136072902163361279, 222322500379980223067653416173561888597378206174
610925099753512857547356659966660771018581520568, 205131388180316682611402320821502703275280856416
164200358904286541730562143932996210319646998784, 279869143168815230774215857928853557896973634034
417360006989130912696109703327161814425932466116, 70569786468597914748370733325682205989057929345
518312692231541826375171579946192236441674045879, 351119643352849883262446848475745305055140429806
468004764380489526209846860419866868518461133918, 128516111597926378590983522933714966188324055932
628387301926446016596575750955205164909932897570, 15093945902270970859578960578610559973884708079
410323472833411807327790987830674496208039880536, 423795463859851591144048024570835886255037549588
693280410644993885277161883198646075897836425517, 712029892815150721381661993464346280235952708660
359319758482409154117382353885139881864213870117, 591815179610688439308577229395300855933353113148
99074498507790921946058569126308518493661259318, 215091060622438625952491664374185316699944024213
101657217334798988625521954115014425120739863018, 82818788522310590257050467009455223203649280144
150859513628089412092137592680489267164778928285, 670431465102081561762478294965001230858592008669
171040397040397360186663820797879297213294919917, 688303519208580915826232679806303960793911440656
68446104690171023975565502508867651908748523882, 11941837485324036894295880793059649848075759338
472887739981939011078423005491206700219573089594, 310008752200152085486583004056197536426725676560
582203826539785450476665762090978165762213910079, 411537640536711940567898328074888664903459681417
398779489301607096688091493313324696879469474059, 225184457761099223744386211641208396690148746031
9887112096316971748136893446933168453928667430, 180455748430939710913643230002674967583356348459
734847344581370268692775665323988050511744810863, 650400150594794146282205501731116230337140245197
303135118460413623112418983400648005113756193489, 561575481574797871409277953838215353064362646763
699553179168375920873716806815690725246935218453, 299702727711764062895385148860186047342203205348
558395535807413982900205263312598361866448401525, 235692729451784948718669183395446013013399842244
120573638094310077797757521556888816138078025782, 354562314731386029074914997752732384849505942419
316200674190383497337892216812049073703443964583, 636561141352616207922464624261254729091559859112
529594209981557865131575828374349440914973783847, 318650947134795178014074125747055356437192460375
103480632443659413896988764118474673304587923162, 332583958209238261226456473361784892052962307522
276406808965797098798219493932112239287907502579, 555533047407117044896415025596318832567071918251
729220182447668404829956884922768089233397661585, 718140021317716000816682047419944341338411421011
337792808110105775695408502002616694238244041640, 609305322443132854401902665761109583707227763544
228839204038530785595948141109156803716497459311, 115234940264396693690816643333431878063347786392
657982587631473993361365359873292743916920512092, 345096445607613840183742728624702769685940251660
176656377525186895482650683417700552891656319544, 391216733352590832710211799764670725673866831070
515384067613056769067135547808710527049223935280, 640610049928324995087227060913401364322873228387
435798556772456472349604751082582982929528161049, 293835514709056977792390093381659167377554749547
63725635247641072904994937222100022047683845596, 546416337252615938896134842600594191026584359888
588014913378748511012152791770380703792066302393, 41256126751936129516112234898951462999206666811
626753835472383949033791270725224291818710481020, 169075739010898224007159667457058363857092375364
581693734902739714829327482521957621041053719, 252271290122243497400484090153594268993015747717
485228643157826804871278320086942162199537519638, 251191024350202330648112864606134870662605997302
436823065607732346844790117025396690542773862484, 738340187812933320732295086190370224648372081098
440488457524536346166500006756064780398951608108, 199280161825919258663682421650358754992639447808
569285814172886336617039029657562764231465923681, 609421549425885027176750904229774441588951256639
623500715637663262397728392003224929326360597581, 737472176382034287753639144410718497759673174528
42462540108546603684091160122983997436790982721, 223153714646389611455241223049349344484948308166
352496207448499354166066686786536149420190195796, 192216514220631904880945389601395162310605265064
